1 0.4410018967548454 0.46441893131063905 0.3763768446954118 0.0 0.5157033318819929 0.4352564585845514 0.5413918874040281 0.44413189120345453 0.5882324649135923 
1 0.45542206557287884 0.501452895154982 0.5843298617343735 0.5984139985347001 0.4950215785655649 0.4140875063146556 0.5637934532821195 0.6026064076114188 0.6435183615092857 
1 0.44660324730242396 0.5037633249557484 0.43746285942363294 0.5392841881695736 0.455493956551549 0.4797442382128002 0.6756742387085196 0.5784358789229471 0.6438207696026237 
1 0.421927704429776 0.49247522497468127 0.46080577634475756 0.45116006109345974 0.45024948399510034 0.0 0.5845561610989618 0.5409930918080179 0.5528364218429332 
1 0.4217716843488802 0.45129257682402446 0.447819093632826 0.39044201237905624 0.443744981418466 0.3629264457730261 0.7313442326414386 0.4570034540849595 0.6992742576153018 
1 0.4329307972880935 0.48083896058051906 0.5286330607385578 0.6206769545771463 0.6576128665639633 0.578411337447703 0.4934949068576189 0.604136494043098 0.6113131097743351 
1 0.4269137130613632 0.5018373919021063 0.37259668247308675 0.5120469981851951 0.592639047693123 0.47869459968497463 0.5954358380676391 0.5638240720924788 0.6109297964905348 
1 0.42924736798929797 0.4655793907842672 0.7774072861103866 0.46822777128622234 0.5905897374498471 0.3521883106688985 1.0587981755999945 0.4587297910583263 0.7855816914847255 
1 0.42678248660640966 0.5023723722978952 0.5829627271560719 0.4830329593078677 0.5863233192238477 0.4799347304501828 0.611270957034866 0.5456371678075267 0.5485219677301729 
1 0.432583402631424 0.48573121258121 0.48514761633718795 0.5786212249299028 0.4814122287956795 0.4581286137732189 0.5477028065993212 0.6379137222926013 0.583279752782178 
1 0.44341688178672223 0.4789420749675634 0.47920672207238363 0.4429195874173462 0.5024899798628795 0.44611497206463435 0.5628894356991899 0.5101543158738984 0.5788644223346268 
1 0.4412984658935943 0.5032940744185435 0.547687539112138 0.5261950807154274 0.48225393040261216 0.4884610441316609 0.8802956449144272 0.5585075570158594 0.7232250165015179 
1 0.4657144381201884 0.5119317086534882 0.584125367641886 0.5466849689731823 0.3575503793858493 0.48952994976375247 0.6368991515809511 0.5262402058581298 0.6420762462435412 
1 0.4535097774790939 0.47506131986812805 0.45400603318315214 0.48110811557774535 0.5808937111699859 0.4352792326136416 1.0656344824320376 0.5171392466339465 0.7299264719739899 
1 0.40721779792967394 0.5110539105390142 0.4379196707874157 0.47760351530546385 0.6391979540323763 0.4579261137157835 0.0 0.5251683822713314 0.6744553272047134 
1 0.4159161592605969 0.481329948363488 0.46926675227376924 0.4737597683682455 0.5286702694205229 0.40159744460956776 0.5871315795022791 0.4949355894959536 0.5227010621058881 
1 0.4739077071623966 0.5193610241451484 0.5207333907377006 0.5354823661676039 0.0 0.4863745865399763 0.6722877206438855 0.6027498266927283 0.6416764213640107 
1 0.4426337028665631 0.48868528427275354 0.4918655543368007 0.40542514765265386 0.4806283236011507 0.36043732920583177 0.6849094143328015 0.46530810018793944 0.780641974957118 
1 0.41645386045871546 0.4756615801024216 0.5961918897147779 0.49904638906104287 0.547573060547653 0.4536031388746792 0.5568977103750598 0.560890252042913 0.6706831412265459 
1 0.4427734503381942 0.4964610670157213 0.5505198035088543 0.4383570966538563 0.5960690867883126 0.6275401639759332 1.0477003477102598 0.5680276309662147 0.7672777605282849 
-1 0.39160723723829666 0.4851447381437708 0.5412701900762312 0.5646000594149913 0.5766614831326513 0.5136091645406726 0.545929645661398 0.4632042063454905 0.5909982867664979 
-1 0.45278685146626174 0.5304692208544974 0.6434282847532653 0.463908075840186 0.4879317685573496 0.585398768624766 0.5518416189167752 0.5004948017794586 0.6273199048239073 
-1 0.45057053839210004 0.4772716210679427 0.5619871927987794 1.1865341903296407 0.5166114498048617 0.5515233996874815 0.6541232122020421 0.9299591307689469 0.6781001960722246 
-1 0.47689578677415057 0.0 0.0 0.469945708449058 0.5018773018989079 0.44376719427402517 0.5536514358646552 0.49603714442125524 0.709733568041638 
-1 0.4358337325211568 0.4699554359964536 0.4919253307167873 0.5065563331780447 0.5475101730971119 0.4791549771133548 0.5808934067853324 0.4738581874550372 0.6794830783991505 
-1 0.45815457490195066 0.5203780999311044 0.48493832739766796 0.47829981686861633 0.4511917790603266 0.5738242669995555 0.6124028940202246 0.5503208099581286 0.6310634054383836 
-1 0.42978842437317966 0.5003576432898367 0.4747283694935803 0.4705805696460014 0.4649513320344876 0.5791220567468514 0.5393400657556557 0.4811969698210838 0.5580988213810776 
-1 0.43967746162985627 0.49789001353210793 0.5130584918940432 0.6283944301068757 0.5469280603238161 0.5609902356469239 0.5967329334953649 0.5957930789472583 0.6243623150228175 
-1 0.0 0.4847612632459379 0.4702002095145711 0.4436442995112046 0.5550161453080541 0.5852223953829044 0.6084081639960661 0.574321104452894 0.5866940561328978 
-1 0.4776470872480112 0.4346841058176151 0.5730096571498653 0.5372054041525467 0.5389595199747366 0.4942633450370968 0.5602011311643321 0.5197242781952449 0.605519629015448 
-1 0.45332011774568903 0.5147332743369327 0.5515588409979828 0.5798853789442953 0.5797958954685115 0.6593640454250057 0.6189628882826461 0.6663972951394771 0.6270662615645123 
-1 0.4196004359352058 0.5057347779293302 0.5314017569570003 0.4140706577139611 0.519549546580315 0.44771896427374996 0.6729671842881283 0.4491460707524233 0.6238519888451167 
-1 0.4302752285969462 0.5256678563763859 0.5066637012361846 1.2176112087887028 0.4555324910898052 0.4234170674329843 0.5569091325876006 1.0053409070665804 0.5466558237485822 
-1 0.43561995941040643 0.515261511233649 0.5220103547424347 0.49347403251065075 0.49976334510557435 0.44327694898289716 0.6208634956634607 0.4958983793381598 0.627272245901414 
-1 0.4171390425562837 0.4828636757449568 0.4985285299828373 0.5365202813632776 0.599245453351027 0.4682165938691293 0.5711884387756633 0.4909126709866237 0.5976770990920155 
-1 0.4143209471828118 0.4813315499936727 0.48629881101419414 0.43394417259150536 0.528881006602552 0.36801608837366745 0.6512671879666445 0.0 0.6955164531443481 
-1 0.4264769402210358 0.4682693301957488 0.5121315676264063 0.4610971498012016 0.6409983974134594 0.3903562101883779 0.615865156513568 0.5120121995129945 0.641813526561893 
-1 0.45541767881629724 0.5068211127425597 0.5608425464284077 1.194017913589216 0.5036621440374008 0.49050378016633783 0.5789744238785589 0.7194072610545196 0.6212580089032165 
-1 0.4384278997375097 0.4744703579611774 0.4398805674078699 0.43916373585513946 0.513763212385319 0.5072599444243326 0.7280623514148606 0.4979670529820601 0.0 
-1 0.42822648446460915 0.4805639347636474 0.4649057615323734 0.5115306412523081 0.5283023261659062 0.39620574351191934 0.5500542812414431 0.44281784446662764 0.6289013827419249 
1 0.40851764346048713 0.49727871361243325 0.5698620359118122 0.584660467181782 0.49743434491490085 0.5339827322418229 0.6232714661495757 0.5637883312034235 0.6920322886751357 
1 0.4261934902561415 0.4881327539799526 0.8205629063255518 0.5922856278265921 0.5366833371247318 0.5167476939025285 0.5653542586172068 0.5995792925823462 0.5699429436921679 
1 0.4368432133311684 0.44247148527937913 0.5846382206570082 0.47826906981635675 0.5943893326655613 0.5008806424924148 0.6390883593859907 0.46633539949276853 0.6615006394042668 
1 0.4591091741718849 0.49524210195292445 0.5505844770797617 0.3395232853607892 0.5997622275978244 0.4186946777487016 0.5493453007061756 0.46583760658755474 0.5963009644007821 
1 0.44395365909078505 0.4979098788984913 0.5177258190199856 0.46146228696209873 0.4657685527733883 0.4514617339303199 0.5464107200564281 0.5465098331141961 0.5881407676587347 
1 0.41803064949191293 0.45132970531211153 0.5071280523821887 0.43416448774132643 0.4841709726686112 0.4002512195656425 1.057671702601743 0.5180626759675536 0.6987037393171727 
1 0.4388096707895882 0.5062798327976655 0.551614332484778 0.5078262405522805 0.5811313702669172 0.44952323800084154 0.6909242666598856 0.5636073396649977 0.6402503887739518 
1 0.4247969363821587 0.48952467917295045 0.5477215987437458 0.4237007344845233 0.482101204004698 0.3920026750277342 0.6932259409923315 0.4697783361488735 0.7077781514576926 
1 0.46458935573486515 0.4685441237208455 0.47870800719112006 0.4906551467455563 0.3757300115515461 0.40660609822083765 0.5711075090559441 0.5560812989402697 0.6272294712336648 
1 0.426889902039269 0.45917041552941473 0.702768354655228 0.5037004849178213 0.4806338009715297 0.4531747933467275 0.5897312857964438 0.44506435743025446 0.5704021350570943 
1 0.44161443356711466 0.4996491564002745 0.5838249434066434 0.3949611628188055 0.514104560317359 0.5370292088389464 0.5635655931925102 0.5061492124493331 0.5837526682150981 
1 0.42358182864573046 0.450880447740096 0.3818935415852604 0.4434739125552229 0.590133494872284 0.38077807311622863 0.5144838892072808 0.3894030318250911 0.5939074313256021 
1 0.44732210912818365 0.4890758359934348 0.5494571760862038 0.4104943651565622 0.6568498196002579 0.4436228577521837 0.7244125413513683 0.3942620558273508 0.7068354903720189 
1 0.4212180824760516 0.5045127919327321 0.4954001026763144 0.5593457883454144 0.5657596691340862 0.5823800875794929 0.6134821489201291 0.6045445562941566 0.6695686864496723 
1 0.4239662565166571 0.4932812460965831 0.5275801228584429 0.509667417739607 0.5424461987447001 0.46488905686354864 1.0596079771039928 0.5062571351089197 0.7528718027088686 
1 0.47833664026128564 0.4778990909467998 0.5729824402122906 0.5220163329407519 0.5867761204645796 0.4798699325697579 0.9643771509794113 0.5367514463720476 0.7326751606805866 
1 0.4340627013974489 0.492013950009082 0.5718890438830577 0.4929769483293843 0.513550038966891 0.3954221493541102 0.7551538316754338 0.5199476866847438 0.7157838350569921 
1 0.4215657094842704 0.48719994205058303 0.4833679370177875 0.5946521283961048 0.4954958197868158 0.5709460344629554 0.5694394505696087 0.6856880307554589 0.6556846171746458 
1 0.41341326885656215 0.5130571963436732 0.48007312891646325 0.47759612397184664 0.4377610560851131 0.48657171807218513 0.5626618579040241 0.47292875653743655 0.6158760631840974 
1 0.41890129990410824 0.4996254973435487 0.4893431990319639 0.4501217519801299 0.5487814221823705 0.4548770458527314 0.5817154336077849 0.45887999326698375 0.6624146135818915 
-1 0.42627400860977177 0.49276443856971774 0.5336704659850551 0.37432212604420334 0.5489812660268031 0.38280559518528656 0.6532033799257287 0.4287977844991222 0.7017083218825572 
-1 0.4713451126393338 0.5154447356692559 0.4274952608632207 0.5072568373376205 0.5749254138139365 0.3593508649617361 0.6429955100476374 0.5729879738466389 0.5976889473800353 
-1 0.4546136311185067 0.47641310127825676 0.5360681966142516 0.6071368235138507 0.509162382250408 0.562144624906662 0.5893218356157922 0.6577499573506101 0.6239415763654089 
-1 0.44726040763229413 0.48577082204636185 0.4693790478513401 0.48693878132130036 0.41225153469249887 0.46183788736030806 0.5163057832817223 0.5261378108862524 0.5562561016629638 
-1 0.41637190875656654 0.48139573994289003 0.42413678913845465 0.38454648505861033 0.5280481494978521 0.4660761285668126 0.7355315292437056 0.4690965395952423 0.6923605010042296 
-1 0.46469762408509957 0.4771603275481632 0.5247872658714714 0.5024258408223983 0.5545054167715537 0.42427353476344193 0.5442126327392712 0.5499416981741532 0.6210761910139811 
-1 0.45798027427772925 0.48578847468223835 0.46756887342113057 0.5916301337245289 0.6144750824027104 0.49257874643462557 0.5735181891939529 0.6433917774055078 0.5535914741536484 
-1 0.4226687777022131 0.5158919403799977 0.4635224859699238 1.1774443206165046 0.4630676953274566 0.5816206462108129 0.6201585766866975 0.9381332545115365 0.5686878559578834 
-1 0.4410090398943886 0.518796407521247 0.5396695198274908 0.43696547925435886 0.41476391556363534 0.5469638170691674 0.647554454032373 0.6542589901953787 0.7144775462457402 
-1 0.4189000893525106 0.45963186768293784 0.5178713675857327 0.4419489454412129 0.6485611048778626 0.36079477746619 0.6176311211259962 0.4350961507519413 0.5948726034242264 
-1 0.4290330611252533 0.47625314669594027 0.4639405394737337 0.4045327878858212 0.5149375696877351 0.44139095176601506 0.5675926921098817 0.49999843465993565 0.6327033429330465 
-1 0.4239423821307416 0.5118556682410557 0.5831035614668063 0.41888143839921604 0.5842347792413141 0.4474783631436651 0.6683706427558989 0.47646663774044534 0.6988688790860588 
-1 0.4315019612525574 0.4807826175198967 0.5262736540880179 1.233429077808247 0.6020799845194155 0.3726679700292488 0.5775622421381211 0.9993480875699852 0.7015298722276841 
-1 0.4369241837792553 0.4953204851439666 0.46813291636252 0.9561072680313243 0.5802559032164397 0.4566424691127203 0.6386279083200925 0.5279485192036198 0.5941851485046016 
-1 0.41123697967745926 0.471266703500537 0.4495825508514446 0.443908432097165 0.5833648080934662 0.42792660920081493 0.7426670268413873 0.48118867225214507 0.5678333106177399 
-1 0.4892493568499605 0.4616160602964102 0.4644808155577042 0.5044219931740044 0.48090547397732014 0.374917397053622 0.5661185775524722 0.5223138615902474 0.6695753846584891 
-1 0.3887940675324625 0.49862321910859825 0.6351330868369195 0.5335497807233885 0.6045749559855202 0.43860532838346267 0.5617203138449949 0.5439334313348095 0.5989546291625845 
-1 0.4095639973551132 0.5020141251800858 0.4974546473455299 1.21526771276814 0.5606465692789029 0.5141917698847775 0.6966984793273858 0.8146509829198543 0.7117509155012135 
-1 0.4679167137008977 0.46645900764195947 0.563681852369977 1.2171738236397376 0.5057741732101582 0.3823058007887535 0.634335075372815 0.6541063353810496 0.6482226230633339 
-1 0.42205470205508916 0.5106935881639164 0.49760370405954574 0.48763414407086775 0.5605484033720516 0.48549524636154595 0.6503517820414418 0.4648318105495295 0.6582809733721776 
