1 0.4398021528376837 0.5805731444043911 0.61416111085588 0.5000411868423351 0.3898478169166253 
1 0.44883831937989904 0.5147145942100706 0.5839807923719322 0.558240953182131 0.5976115009872589 
1 0.44376069642967514 0.6433508990870611 0.5964371806373774 0.48645428998386103 0.6118177896320305 
1 0.4455490202014317 0.5929972830029562 0.5144098568488837 0.404286749274983 0.40955873277957605 
1 0.4382793532630421 0.6847068179833349 0.5998471499243997 0.5737286649349876 0.0 
1 0.4517875528257705 0.6077344549959542 0.5915723059266563 0.5943509124497767 0.6358357991987311 
1 0.425748255209088 0.6728827433081457 0.5317057857100617 0.46299762599715577 0.5099098961322462 
1 0.46990566415099433 0.9759926305426911 0.6628386066180211 0.3618961928815052 0.3742068617397432 
1 0.4704242825650271 0.6312787392611702 0.0 0.5589450005121274 0.49173649960833976 
1 0.4135605273412636 0.5665050354725724 0.5501464015279346 0.5206805684910185 0.5768635970991239 
1 0.41205039363207024 0.5952650895462583 0.5905281056745467 0.45508901057857853 0.40822616313063487 
1 0.4343502887647881 0.6603180678835381 0.5814326924374108 0.5595746818148668 0.42523983401242804 
1 0.47489186502759806 0.6451840735757984 0.5509629259906464 0.5039606221683867 0.4763935873000062 
1 0.4383196511516024 1.5061781232373381 0.5598487797232288 0.4813889924084052 0.4362719924007641 
1 0.42671724572110437 0.6673914751233181 0.538255823080431 0.47185522199424046 0.36776780119314595 
1 0.45521260783321527 0.5946402253485842 0.6633872357219136 0.46727156485739807 0.4076675658137472 
1 0.4693471023603974 0.6502112860752824 0.549657861922092 0.46968807291442316 0.5304505428724912 
1 0.45290334638841334 0.5744127999920703 0.7149905485505524 0.4309545701879249 0.399436960746172 
1 0.4484576244291475 0.6577776595106093 0.6876628857332066 0.5262138192505031 0.5074378104980605 
1 0.438815458423297 1.4766748532205274 0.5963845097484216 0.5811540799827053 0.5229668955283523 
-1 0.4563213780066955 0.5756744754166762 0.5160578745206125 0.5407863056875263 0.521403936484852 
-1 0.47454374009864103 0.6174207330467791 0.6178192931887252 0.6155329688079946 0.44080544308852493 
-1 0.43990585467041005 0.7093531525350164 0.6454199561011631 0.46227623539031426 0.9735422097395429 
-1 0.4252547132613329 0.5839771456326897 0.5843157105107748 0.5488300964029219 0.45470802528270093 
-1 0.4556122609621005 0.0 0.6276045399612403 0.5723080838947874 0.5062476472417785 
-1 0.4636251557033224 0.6424671719621718 0.5861320104363358 0.5906229217773555 0.48392049564848816 
-1 0.4568485029391282 0.644992898422413 0.5553829304987954 0.5021380385179292 0.4634571219019669 
-1 0.4635079226633492 0.6696233297178484 0.6441038845237037 0.5447998311980655 0.6016091180514951 
-1 0.4377173346642149 0.6960864774648106 0.5264599404996674 0.5423380487057161 0.4385529582830686 
-1 0.45343611023911645 0.657790141709752 0.5938394408489617 0.5386574706511703 0.5155914599423682 
-1 0.46546357427430873 0.5468805814296782 0.5780915745108561 0.5975477887500741 0.5171359050187911 
-1 0.44220709001954317 0.72457333707106 0.591106046233926 0.41918755972520877 0.45373624853378264 
-1 0.42944001355980854 0.5242953754982517 0.5663654946648894 0.0 0.9960078852060568 
-1 0.4121449788444429 0.735708607697821 0.5828500286790853 0.45725736070449624 0.4294044768770625 
-1 0.4263939365219312 0.5768069384148768 0.645937098268072 0.4858874865785413 0.47034389204138255 
-1 0.4372471711319016 0.6457271679000588 0.5907618650142642 0.4507159589161584 0.38609689490809557 
-1 0.4344133772148025 0.7351551840129846 0.6385628007418976 0.5456205692373518 0.38496277627480074 
-1 0.49310938676532623 0.6523635732082651 0.5967102706995475 0.4483081630166402 0.978805142230479 
-1 0.4709706065274173 0.6609315737021152 0.5309650697887011 0.5681958445047522 0.349824731382044 
-1 0.0 0.5686677628974184 0.5210720260062724 0.4013117115999717 0.4307428957374848 
1 0.4766016386250441 0.7396922686585518 0.6154139833705672 0.5135375297399348 0.4540941868326193 
1 0.4589584639339274 0.6402564411355198 0.6920129702944608 0.525429804303789 0.550100150692996 
1 0.44675104940006266 0.6021946827941104 0.6490483117345451 0.5595617227733727 0.42682733499000597 
1 0.45378559066011204 0.605734984449126 0.6213623575962539 0.505303706104625 0.42204462299048096 
1 0.4489700399374557 0.6157065695190814 0.5853301072459104 0.48127503470006666 0.5279036051829209 
1 0.4191073328473638 1.0681980766617103 0.6119909724927584 0.4381433940893605 0.4140687089106738 
1 0.4588028082288667 0.7778405935630858 0.5467839820375379 0.45611720049923704 0.4204216674974255 
1 0.4194300053418643 0.6314862678633643 0.5990452717942935 0.5237266381788659 0.40044339656830585 
1 0.44823514493662076 0.644591962012276 0.482324831198929 0.4469285566309287 0.42188284967246814 
1 0.4425928044370207 0.6064467697725433 0.6201632687122451 0.5215687417762404 0.4405808362937355 
1 0.4112254609991595 0.6048514910397713 0.6859994117991579 0.5692662929200408 0.4226245523458164 
1 0.45378562700491515 0.6353601822464643 0.54581917019665 0.46738162753580964 0.4521486192310217 
1 0.4506537224548639 0.7696283604358524 0.6316196927328778 0.5466541932732214 0.3825266032770847 
1 0.43023844159236063 0.6462820910164121 0.6243935573595891 0.5436228064406445 0.5398513961582541 
1 0.4542829008356335 0.9033857271379843 0.577116922852481 0.5372922355005276 0.49696173548835204 
1 0.45546708312090517 1.4054790016125027 0.636304660140462 0.4907718072995653 0.5734064190146089 
1 0.4537164712286599 0.6865507371318542 0.6341764609611678 0.5109582523378052 0.44860076600458243 
1 0.4437653246776528 0.6054892222398786 0.5455888336384543 0.5724596955624034 0.550780882591899 
1 0.4724639680181192 0.5794490670733701 0.5934060191087421 0.5342533476731737 0.4665411349291838 
1 0.460899506918338 0.6649645577520614 0.6040602518548025 0.516757880643049 0.4673995130187878 
-1 0.4311670977174512 0.7052283165915899 0.6132595050816826 0.5194447973074082 0.35235992693161483 
-1 0.4408185272459335 0.6798532041043923 0.5631929157485476 0.47069576070058566 0.5476913827817627 
-1 0.43794956182336053 0.6034078391893548 0.6033407539999499 0.5664687374988528 0.5811618175863008 
-1 0.46043896030588316 0.622130513954493 0.5641647992756336 0.4164624757833004 0.5059388923529559 
-1 0.43301543048606256 0.6511548505479609 0.6322654916086734 0.5271668849088391 0.4124936312642348 
-1 0.4321467135981779 0.617911823265548 0.6414348699729616 0.5056590751016373 0.41448679055360815 
-1 0.43733903412992603 0.6157921185950127 0.6087445799388386 0.6346359117107929 0.5349308295890868 
-1 0.466571300004765 0.5841015342594407 0.5356293034583618 0.49295702493631155 0.9687759660975764 
-1 0.4734642656132365 0.6057068538904149 0.6706924102046659 0.6491139717798078 0.40831547987529393 
-1 0.4333887068672342 0.6866782412888294 0.6544510384074615 0.5064449899380539 0.3690799346206339 
-1 0.42676317599113023 0.6782265736629777 0.5487029336027652 0.4982916892114955 0.3374984068217534 
-1 0.47166307227716114 0.7231885086389571 0.6649651115640703 0.4607813407101569 0.3849307509690952 
-1 0.4413949639756571 0.6822410460635993 0.5299897641746039 0.4325147755414627 1.0095315810477596 
-1 0.4085563290893726 0.6444013365594792 0.5971777984069266 0.4293732899297739 0.9486399394445933 
-1 0.42735516433364806 0.7061265808652886 0.5659135486814928 0.5316408413914104 0.3854790237847283 
-1 0.4582046059567848 0.602911518048386 0.5062296219123414 0.5020411064546402 0.5237047117462925 
-1 0.448994924361891 0.5881374506642358 0.6406810805029137 0.5006266431556007 0.49720183538496804 
-1 0.461488332055378 0.6866058434019359 0.5410305449982441 0.49096682476452597 1.0026223611249654 
-1 0.4759949174938461 0.6445577957551447 0.6288733792637698 0.470523042808293 1.0065372631732263 
-1 0.4210268640182633 0.7156012473044336 0.6138525241935567 0.40494309678586193 0.40558603535021326 
