1 0.3848186515490813 0.45491744562136516 0.5771746900683538 0.48912410030469744 0.5270739627315798 
1 0.4085005183188579 0.48991826610254224 0.49445126840587245 0.5349089739861591 0.5921658619439919 
1 0.4195768681660609 0.5163091296701132 0.5127531351810922 0.0 0.5827135490976775 
1 0.3573062984188388 0.5264577797548001 0.4329253722597695 0.5015692592602847 0.6045480680761927 
1 0.3907172189338225 0.5519531489028922 0.5212997747310892 0.4439594050190357 0.6127045433100216 
1 0.3945380957778151 0.5857509307613795 0.6117900374823213 0.6201120648949021 0.5122427122508204 
1 0.3679422870629376 0.48146037553688137 0.5932378344223765 0.5210216408601379 0.5409655637132085 
1 0.41747800115374295 0.48928664751481354 0.5067566222606029 0.4961698228147384 0.8707230081878101 
1 0.4143393417481271 0.4571822719611873 0.5476859901618557 0.546700010878508 0.5422759717468174 
1 0.3726951210683225 0.4469550661526649 0.4920086619534656 0.44709217073888974 0.4979785001622393 
1 0.3712122650702506 0.5246951443067613 0.5057341163106897 0.49052487012234763 0.511720784868911 
1 0.36649737817333317 0.48344243246550056 0.4886888667332552 0.5004818552105236 0.8513088942071191 
1 0.41385140234420786 0.4905799626201438 0.5869617666494144 0.4289345130956438 0.6216767112304976 
1 0.4034717839290519 0.371877958231536 0.3692597283880361 0.5113523431734084 0.8809680167916732 
1 0.3864080637879595 0.4118687114637057 0.5076742463507552 0.4313614655593472 0.6598051846101084 
1 0.3751526848337081 0.4820705413240759 0.4349378023658647 0.5630894806220952 0.5369369907128321 
1 0.3817886090082942 0.5118314615851067 0.5628615810254294 0.5006274567433932 0.6150481099331975 
1 0.40559480289650307 0.5106034343365112 0.5075159727217436 0.5294214811346014 0.7357057504463125 
1 0.4229383112639848 0.0 0.5145113636661302 0.4975026831621143 0.5554645537162588 
1 0.38916288816897365 0.5100261268797261 0.5767496755673366 0.5173752867266643 0.901996982875618 
-1 0.34924037349616105 0.44478770276435386 0.5991790776710785 0.47035412820406136 0.5605807913216045 
-1 0.4160618236449532 0.41693275472667374 0.5439511864062851 0.4675656700263252 0.5707529922981688 
-1 0.3927118450669231 0.5246225892267073 0.6187654512706476 0.44589430160352395 0.0 
-1 0.38846051074131255 0.5082760389430584 0.5547187250094486 0.428072225099013 0.6287207431203364 
-1 0.4083121146574196 0.3967806185977281 0.5834306674209006 0.50247174878883 0.6805558427613039 
-1 0.37229100992928427 0.44017366251103845 0.6239980627188634 0.4663302308574042 0.573345073961886 
-1 0.375820411522512 0.4837484806790079 0.5555638814162932 0.3833271969885404 0.5169435764591845 
-1 0.0 0.436146891913538 0.5803932381533576 0.4569267159639376 0.6173650469473685 
-1 0.3922742631120303 0.4398578350494806 0.5650368619502513 0.47557963365411715 0.621232714818371 
-1 0.35604036234166825 0.513265333561327 0.5982954323991625 0.5217682965909397 0.560515359143327 
-1 0.3587624120023942 0.5338381777311642 0.617598426436333 0.5608973791855391 0.6083186362233397 
-1 0.36928033464533433 0.456727149616052 0.5045255922692744 0.4657457439933053 0.675960731751034 
-1 0.3799111229684889 0.43294340184626023 0.5371921879631878 0.4033800234045707 0.5053216475906154 
-1 0.39104010849412185 0.4277910728001257 0.595421595141421 0.5190339372658326 0.5385044201662091 
-1 0.3681462344683319 0.57181371859568 0.5598683880385662 0.5482305043924061 0.594416718477114 
-1 0.3785868443546239 0.3896036961678249 0.4451643801651825 0.5115871188829453 0.6444183425075249 
-1 0.3827353583766816 0.5856516899706041 0.0 0.5671817105568591 0.6435293039267902 
-1 0.389996456751267 0.43717871100230105 0.6258094587794335 0.5136011585183277 0.5807707716154982 
-1 0.3691760412452906 0.44256498285525026 0.5838148960542047 0.5132113450646553 0.6462955562224779 
-1 0.42440344010109704 0.4683604818427528 0.4883221324913287 0.5073910190615065 0.5403827432496618 
1 0.4154333832493236 0.4857419005491024 0.5633882627776028 0.46140095102276446 0.5774659653890877 
1 0.342998762675159 0.5006590144856302 0.5381996843003768 0.5263653071381982 0.5305728490861357 
1 0.3877936775082714 0.6449158651113335 0.5813035556406979 0.5142654620789878 0.5657698848298275 
1 0.3564226478198514 0.5705530083912403 0.4282419561582926 0.5498519695280051 0.5522560469118998 
1 0.4022133081977917 0.5478425514538121 0.4698507686749763 0.5303573033050638 0.5104340453055295 
1 0.3670761750582831 0.47565527281827685 0.5183932587666554 0.45331945735641216 0.886834550955756 
1 0.3711869116024413 0.561360812968137 0.4920494755202708 0.5529792542049603 0.5538320974199337 
1 0.36531055367143683 0.4239211621173373 0.4840753867522877 0.40799335142374327 0.6795122474406932 
1 0.4057359543840193 0.48868338938022327 0.45401522750483586 0.4550439625813022 0.5275326084403679 
1 0.37110725865237687 0.5539481806357857 0.5203080489743884 0.37947289767577064 0.5131038839456551 
1 0.3416057636323064 0.4829974217450338 0.4997350969180277 0.5426765774669348 0.5695082310997904 
1 0.3703551384052646 0.5535676763429955 0.5215675665068059 0.42724960537437623 0.5254198319623529 
1 0.37980592665590135 0.5689875300891338 0.5674757777402109 0.526147084371702 0.5913842664617015 
1 0.391040765619884 0.5154537026749004 0.5944988425827563 0.48327262924833203 0.5567718539882061 
1 0.3827827812070564 0.40579926969777474 0.5678826005353247 0.49921250789532357 0.8532229237647321 
1 0.42060693238557223 0.6033791223866947 0.5423710978497077 0.5885879312798635 0.8606753740360247 
1 0.41528377992637006 0.4649566616614187 0.5013613453909176 0.46123818243353465 0.8462910711233012 
1 0.3417276511985658 0.45426442109553433 0.6205075677365243 0.46202424018794425 0.4813398031612959 
1 0.4078906196483775 0.4747246768896244 0.5238100914224587 0.3945733321355832 0.510443982809137 
1 0.383275669284654 0.5186771303292148 0.49915108864019025 0.5194904061275805 0.5849193407290737 
-1 0.3742665658057109 0.5194241179333206 0.5171583665791639 0.5154202155032191 0.6105364651240792 
-1 0.3873349888078138 0.5709759843566616 0.478717871333438 0.5996128114500575 0.6483525742363548 
-1 0.39417744945287736 0.5359703276437212 0.5442452385870908 0.541783885997608 0.4856888617547038 
-1 0.32546171558679216 0.47153870713053225 0.49207722576132834 0.4764291855615582 0.5560656166339929 
-1 0.33546447076940017 0.47661137304827667 0.5982565586339745 0.5348615667900254 0.6422624272215249 
-1 0.3553615894820344 0.6558291171006676 0.5817402619429435 0.469925416627809 0.48620495058350965 
-1 0.311881921194154 0.610155364971576 0.6354005555183303 0.5890201560069217 0.4855197579849455 
-1 0.3658933608139169 0.5597863749822317 0.6005032705007469 0.4656527824087854 0.5826957626252262 
-1 0.3886334071961285 0.5112649052346029 0.6555899721762544 0.5198403301795544 0.5890197351781848 
-1 0.3973505034089828 0.5223271447240923 0.5443205725022442 0.6274652354023795 0.5545790796470011 
-1 0.3690522227332069 0.47636584783206704 0.4579038499849628 0.4908283424344867 0.5690649845308444 
-1 0.42649462919681225 0.5152071146047539 0.45195224822129004 0.4648093221631931 0.6179713596017707 
-1 0.3817424568239909 1.1935900648951787 0.5466941903088274 0.8305804468153963 0.5990500209564015 
-1 0.3997627509574985 0.62232239112941 0.48495460344953023 0.6098831266131649 0.5575527408653297 
-1 0.34825201592606886 1.0681203738096554 0.5142137682132274 0.48813796604376314 0.6431361074086095 
-1 0.4216603111158625 0.5255769102172126 0.523921831812177 0.47750555939365896 0.6003611225965227 
-1 0.34443581009497415 0.5193910107847804 0.5169450043473944 0.6296788725938386 0.5475434126781135 
-1 0.36841352021752655 0.5200921775661235 0.5539502977666894 0.4830379958656343 0.7056263249379837 
-1 0.4177079155372585 0.45338138262830335 0.4774147842510221 0.4840157285176877 0.5867323436161703 
-1 0.3618430975681222 0.422292817254051 0.4722787289998879 0.4954049542311252 0.6461437247382416 
