187.0 64.0 185.0 
282.0 98.0 280.0 
245.0 110.0 244.0 
266.0 98.0 265.0 
218.0 50.0 214.0 
188.0 141.0 186.0 
311.0 61.0 308.0 
330.0 7.0 326.0 
275.0 55.0 271.0 
239.0 53.0 235.0 
271.0 123.0 269.0 
296.0 15.0 292.0 
240.0 99.0 237.0 
264.0 1.0 260.0 
272.0 125.0 266.0 
313.0 151.0 310.0 
184.0 122.0 180.0 
318.0 17.0 317.0 
315.0 54.0 314.0 
181.0 0.0 176.0 
9.0 260.0 6.0 
38.0 201.0 36.0 
0.0 314.0 0.0 
111.0 221.0 105.0 
12.0 210.0 7.0 
54.0 319.0 52.0 
71.0 270.0 65.0 
122.0 302.0 121.0 
37.0 310.0 35.0 
9.0 242.0 7.0 
103.0 242.0 100.0 
127.0 213.0 123.0 
0.0 251.0 355.0 
54.0 324.0 48.0 
113.0 291.0 108.0 
63.0 288.0 61.0 
53.0 336.0 50.0 
0.0 246.0 0.0 
47.0 272.0 43.0 
51.0 302.0 47.0 
223.0 141.0 219.0 
326.0 115.0 322.0 
213.0 81.0 208.0 
230.0 54.0 224.0 
212.0 55.0 209.0 
279.0 8.0 276.0 
305.0 96.0 303.0 
206.0 91.0 203.0 
255.0 31.0 254.0 
237.0 40.0 230.0 
254.0 119.0 251.0 
249.0 147.0 247.0 
233.0 131.0 231.0 
290.0 125.0 287.0 
263.0 10.0 259.0 
238.0 1.0 235.0 
298.0 17.0 295.0 
290.0 48.0 284.0 
206.0 43.0 202.0 
233.0 88.0 229.0 
97.0 212.0 93.0 
108.0 274.0 107.0 
113.0 322.0 112.0 
114.0 204.0 110.0 
141.0 281.0 137.0 
118.0 330.0 113.0 
44.0 293.0 41.0 
0.0 228.0 79.0 
123.0 198.0 120.0 
55.0 303.0 52.0 
24.0 234.0 21.0 
84.0 246.0 82.0 
0.0 347.0 161.0 
0.0 213.0 0.0 
96.0 340.0 94.0 
104.0 207.0 103.0 
12.0 223.0 10.0 
0.0 238.0 0.0 
0.0 292.0 0.0 
130.0 304.0 128.0 
