30.0 27.0 231.0 182.0 73.0 200.0 42.0 189.0 41.0 
152.0 165.0 325.0 276.0 109.0 296.0 80.0 284.0 76.0 
11.0 299.0 290.0 241.0 121.0 259.0 89.0 247.0 82.0 
195.0 182.0 310.0 260.0 108.0 281.0 80.0 269.0 74.0 
183.0 187.0 261.0 211.0 61.0 232.0 30.0 221.0 29.0 
63.0 243.0 231.0 183.0 149.0 202.0 119.0 192.0 118.0 
255.0 25.0 355.0 308.0 69.0 325.0 41.0 313.0 37.0 
312.0 262.0 149.0 325.0 17.0 344.0 263.0 334.0 188.0 
355.0 111.0 320.0 270.0 64.0 288.0 33.0 276.0 31.0 
314.0 299.0 282.0 230.0 65.0 251.0 36.0 242.0 32.0 
253.0 217.0 313.0 266.0 134.0 285.0 105.0 274.0 102.0 
72.0 75.0 340.0 289.0 24.0 309.0 0.0 300.0 185.0 
148.0 29.0 284.0 234.0 108.0 255.0 79.0 242.0 77.0 
229.0 209.0 306.0 257.0 11.0 276.0 68.0 266.0 67.0 
169.0 175.0 316.0 265.0 135.0 285.0 105.0 274.0 101.0 
3.0 292.0 356.0 309.0 161.0 326.0 129.0 316.0 127.0 
36.0 67.0 227.0 179.0 132.0 197.0 102.0 187.0 98.0 
157.0 178.0 360.0 312.0 27.0 332.0 0.0 320.0 162.0 
284.0 212.0 356.0 310.0 63.0 328.0 35.0 317.0 30.0 
352.0 310.0 224.0 177.0 7.0 195.0 92.0 184.0 328.0 
135.0 105.0 52.0 3.0 269.0 23.0 239.0 11.0 237.0 
129.0 241.0 83.0 31.0 209.0 53.0 181.0 42.0 174.0 
188.0 162.0 37.0 82.0 323.0 6.0 293.0 0.0 290.0 
19.0 191.0 154.0 104.0 231.0 122.0 201.0 112.0 199.0 
154.0 111.0 52.0 6.0 220.0 23.0 187.0 13.0 186.0 
271.0 275.0 96.0 47.0 328.0 67.0 301.0 57.0 294.0 
228.0 128.0 115.0 65.0 279.0 84.0 251.0 71.0 247.0 
62.0 240.0 169.0 118.0 313.0 138.0 283.0 127.0 281.0 
277.0 227.0 84.0 32.0 317.0 53.0 291.0 39.0 287.0 
105.0 115.0 56.0 2.0 251.0 23.0 223.0 14.0 221.0 
289.0 8.0 149.0 96.0 253.0 118.0 223.0 105.0 218.0 
58.0 42.0 169.0 120.0 221.0 140.0 192.0 127.0 187.0 
343.0 57.0 34.0 355.0 260.0 4.0 229.0 0.0 227.0 
15.0 210.0 97.0 48.0 333.0 67.0 302.0 54.0 301.0 
247.0 79.0 156.0 107.0 301.0 125.0 268.0 115.0 265.0 
139.0 128.0 108.0 58.0 299.0 79.0 268.0 67.0 264.0 
10.0 20.0 94.0 47.0 344.0 66.0 314.0 54.0 310.0 
130.0 142.0 39.0 343.0 255.0 7.0 224.0 1.0 220.0 
8.0 360.0 91.0 41.0 281.0 59.0 252.0 50.0 248.0 
268.0 111.0 96.0 47.0 313.0 65.0 283.0 54.0 278.0 
329.0 62.0 268.0 217.0 150.0 238.0 119.0 227.0 113.0 
242.0 246.0 4.0 320.0 127.0 340.0 96.0 327.0 93.0 
16.0 35.0 257.0 208.0 91.0 227.0 59.0 215.0 58.0 
97.0 109.0 272.0 223.0 65.0 243.0 35.0 230.0 29.0 
171.0 8.0 254.0 206.0 63.0 225.0 34.0 215.0 31.0 
135.0 165.0 321.0 273.0 14.0 292.0 139.0 281.0 347.0 
274.0 212.0 347.0 298.0 105.0 319.0 73.0 308.0 70.0 
327.0 329.0 250.0 199.0 101.0 219.0 67.0 210.0 64.0 
187.0 171.0 301.0 251.0 42.0 270.0 13.0 257.0 11.0 
167.0 131.0 280.0 228.0 47.0 247.0 20.0 236.0 15.0 
204.0 178.0 299.0 250.0 129.0 268.0 102.0 258.0 92.0 
35.0 220.0 294.0 245.0 157.0 262.0 130.0 253.0 123.0 
216.0 186.0 278.0 227.0 140.0 248.0 113.0 237.0 110.0 
15.0 354.0 332.0 287.0 135.0 305.0 104.0 294.0 101.0 
324.0 111.0 305.0 258.0 20.0 275.0 139.0 265.0 165.0 
187.0 322.0 281.0 234.0 12.0 252.0 68.0 240.0 336.0 
151.0 176.0 339.0 290.0 26.0 311.0 0.0 302.0 86.0 
138.0 221.0 334.0 281.0 57.0 301.0 27.0 290.0 24.0 
339.0 142.0 250.0 202.0 54.0 221.0 22.0 210.0 20.0 
15.0 195.0 274.0 228.0 99.0 247.0 70.0 235.0 64.0 
280.0 14.0 139.0 92.0 223.0 111.0 193.0 99.0 190.0 
335.0 342.0 152.0 103.0 285.0 121.0 253.0 110.0 250.0 
269.0 242.0 158.0 108.0 332.0 127.0 302.0 116.0 301.0 
309.0 284.0 158.0 107.0 214.0 127.0 184.0 118.0 179.0 
27.0 78.0 181.0 134.0 290.0 152.0 258.0 142.0 82.0 
300.0 95.0 162.0 113.0 340.0 132.0 311.0 119.0 310.0 
114.0 1.0 91.0 41.0 301.0 59.0 270.0 48.0 269.0 
121.0 58.0 35.0 346.0 239.0 4.0 209.0 0.0 203.0 
89.0 96.0 168.0 118.0 207.0 138.0 178.0 127.0 318.0 
138.0 255.0 99.0 50.0 312.0 68.0 286.0 59.0 281.0 
88.0 124.0 67.0 18.0 243.0 39.0 214.0 27.0 210.0 
198.0 202.0 127.0 77.0 255.0 96.0 226.0 86.0 216.0 
246.0 262.0 33.0 151.0 358.0 4.0 329.0 0.0 324.0 
138.0 106.0 41.0 0.0 224.0 12.0 191.0 0.0 189.0 
262.0 243.0 141.0 90.0 352.0 110.0 319.0 99.0 316.0 
318.0 256.0 147.0 100.0 217.0 118.0 187.0 107.0 183.0 
138.0 288.0 55.0 3.0 233.0 22.0 202.0 11.0 196.0 
122.0 350.0 35.0 131.0 249.0 8.0 217.0 0.0 75.0 
68.0 102.0 37.0 139.0 302.0 6.0 273.0 0.0 267.0 
0.0 13.0 173.0 125.0 314.0 145.0 285.0 133.0 189.0 
