59.0 107.0 282.0 289.0 65.0 47.0 184.0 141.0 85.0 233.0 
97.0 173.0 151.0 159.0 99.0 85.0 282.0 146.0 120.0 324.0 
107.0 298.0 301.0 17.0 111.0 97.0 244.0 210.0 129.0 289.0 
95.0 224.0 199.0 236.0 99.0 85.0 265.0 237.0 119.0 312.0 
48.0 284.0 289.0 107.0 51.0 38.0 213.0 174.0 70.0 263.0 
137.0 98.0 110.0 247.0 141.0 124.0 183.0 88.0 159.0 233.0 
58.0 242.0 222.0 25.0 62.0 46.0 309.0 4.0 81.0 356.0 
3.0 313.0 87.0 160.0 8.0 0.0 326.0 264.0 28.0 151.0 
52.0 250.0 249.0 207.0 56.0 41.0 273.0 12.0 75.0 321.0 
52.0 193.0 27.0 126.0 54.0 41.0 237.0 189.0 77.0 282.0 
122.0 254.0 232.0 227.0 124.0 111.0 269.0 246.0 144.0 314.0 
10.0 69.0 125.0 118.0 16.0 0.0 291.0 196.0 35.0 343.0 
95.0 45.0 358.0 29.0 100.0 84.0 240.0 293.0 119.0 288.0 
0.0 191.0 355.0 208.0 2.0 66.0 263.0 170.0 22.0 307.0 
121.0 336.0 175.0 16.0 126.0 110.0 267.0 177.0 145.0 315.0 
147.0 233.0 96.0 39.0 152.0 135.0 313.0 32.0 171.0 357.0 
120.0 292.0 35.0 32.0 123.0 107.0 181.0 36.0 143.0 228.0 
14.0 244.0 158.0 71.0 18.0 2.0 315.0 237.0 38.0 360.0 
51.0 298.0 98.0 217.0 55.0 40.0 313.0 278.0 75.0 357.0 
0.0 335.0 87.0 316.0 0.0 100.0 179.0 84.0 16.0 228.0 
255.0 135.0 315.0 101.0 261.0 243.0 8.0 134.0 281.0 54.0 
196.0 164.0 5.0 239.0 202.0 182.0 36.0 163.0 219.0 84.0 
311.0 188.0 359.0 239.0 315.0 299.0 0.0 196.0 335.0 36.0 
219.0 8.0 38.0 17.0 222.0 207.0 105.0 12.0 241.0 155.0 
208.0 71.0 252.0 130.0 211.0 196.0 6.0 112.0 230.0 53.0 
316.0 110.0 21.0 359.0 320.0 307.0 52.0 118.0 339.0 98.0 
267.0 236.0 227.0 224.0 271.0 256.0 66.0 128.0 289.0 116.0 
300.0 42.0 182.0 45.0 303.0 288.0 123.0 51.0 322.0 170.0 
307.0 20.0 172.0 120.0 311.0 296.0 35.0 117.0 326.0 81.0 
239.0 90.0 86.0 211.0 243.0 229.0 7.0 85.0 264.0 55.0 
240.0 319.0 44.0 311.0 243.0 229.0 98.0 45.0 263.0 146.0 
208.0 274.0 358.0 251.0 214.0 197.0 122.0 23.0 231.0 170.0 
247.0 172.0 44.0 210.0 250.0 236.0 0.0 221.0 269.0 36.0 
321.0 197.0 107.0 135.0 325.0 307.0 50.0 109.0 344.0 99.0 
288.0 96.0 216.0 258.0 292.0 275.0 109.0 231.0 311.0 155.0 
285.0 47.0 153.0 150.0 291.0 272.0 62.0 149.0 308.0 110.0 
330.0 36.0 25.0 183.0 335.0 319.0 49.0 9.0 352.0 97.0 
242.0 342.0 166.0 354.0 246.0 230.0 0.0 124.0 267.0 36.0 
270.0 29.0 123.0 24.0 273.0 257.0 46.0 12.0 292.0 90.0 
299.0 104.0 265.0 237.0 303.0 289.0 47.0 171.0 321.0 95.0 
138.0 360.0 86.0 326.0 142.0 124.0 221.0 54.0 159.0 267.0 
113.0 240.0 84.0 29.0 118.0 100.0 322.0 253.0 135.0 5.0 
77.0 37.0 319.0 311.0 81.0 66.0 212.0 334.0 99.0 258.0 
51.0 210.0 106.0 110.0 55.0 38.0 226.0 103.0 75.0 274.0 
51.0 154.0 156.0 142.0 56.0 38.0 209.0 150.0 75.0 255.0 
4.0 143.0 132.0 131.0 8.0 0.0 275.0 133.0 26.0 323.0 
95.0 204.0 205.0 189.0 97.0 82.0 302.0 280.0 117.0 350.0 
89.0 322.0 171.0 150.0 92.0 78.0 205.0 11.0 111.0 251.0 
30.0 186.0 184.0 165.0 34.0 18.0 252.0 181.0 51.0 300.0 
35.0 109.0 87.0 333.0 39.0 23.0 234.0 317.0 58.0 277.0 
118.0 344.0 200.0 57.0 120.0 106.0 252.0 43.0 140.0 301.0 
143.0 233.0 69.0 20.0 148.0 135.0 248.0 11.0 166.0 295.0 
127.0 216.0 199.0 191.0 132.0 117.0 229.0 7.0 150.0 279.0 
120.0 22.0 205.0 233.0 126.0 109.0 289.0 76.0 143.0 334.0 
7.0 245.0 66.0 197.0 11.0 1.0 260.0 186.0 29.0 306.0 
0.0 47.0 346.0 303.0 2.0 69.0 236.0 317.0 22.0 287.0 
14.0 192.0 246.0 56.0 18.0 4.0 295.0 145.0 37.0 339.0 
44.0 233.0 0.0 215.0 49.0 32.0 285.0 135.0 67.0 334.0 
40.0 340.0 157.0 154.0 44.0 27.0 206.0 165.0 62.0 251.0 
85.0 203.0 154.0 140.0 89.0 74.0 232.0 188.0 107.0 276.0 
209.0 284.0 296.0 291.0 215.0 199.0 93.0 44.0 231.0 142.0 
271.0 12.0 58.0 343.0 275.0 259.0 108.0 353.0 294.0 154.0 
318.0 252.0 80.0 28.0 323.0 308.0 111.0 55.0 342.0 157.0 
201.0 263.0 306.0 261.0 205.0 189.0 110.0 247.0 225.0 158.0 
277.0 11.0 359.0 13.0 282.0 266.0 138.0 21.0 301.0 186.0 
327.0 296.0 223.0 31.0 331.0 316.0 115.0 192.0 350.0 163.0 
289.0 99.0 113.0 261.0 294.0 278.0 40.0 149.0 310.0 90.0 
227.0 347.0 306.0 299.0 229.0 215.0 0.0 82.0 247.0 34.0 
195.0 321.0 309.0 347.0 199.0 183.0 120.0 86.0 218.0 169.0 
302.0 39.0 352.0 134.0 304.0 290.0 52.0 145.0 326.0 99.0 
230.0 8.0 85.0 284.0 235.0 218.0 24.0 357.0 254.0 70.0 
241.0 154.0 203.0 46.0 247.0 229.0 82.0 182.0 267.0 127.0 
346.0 302.0 276.0 142.0 348.0 332.0 0.0 252.0 360.0 34.0 
209.0 70.0 176.0 74.0 214.0 199.0 0.0 341.0 232.0 42.0 
339.0 47.0 311.0 30.0 341.0 328.0 93.0 238.0 358.0 143.0 
204.0 87.0 158.0 260.0 208.0 194.0 101.0 77.0 227.0 146.0 
221.0 103.0 329.0 326.0 224.0 206.0 10.0 189.0 243.0 56.0 
233.0 325.0 76.0 147.0 239.0 225.0 0.0 51.0 256.0 37.0 
291.0 78.0 69.0 66.0 293.0 279.0 0.0 72.0 314.0 38.0 
302.0 96.0 107.0 7.0 305.0 290.0 129.0 109.0 325.0 176.0 
