1 0.45918775453850946 0.0 0.5869380554047964 0.5497598720115238 0.470159112206779 0.4755061011825039 0.5530612508905782 0.5180290098357329 0.5948067069751172 0.530197335486268 0.5012245678535007 0.5956236189552379 
1 0.494251526325934 0.5645375242803568 0.6054689248379812 0.512176923340808 0.5185780747174871 0.5833205673716472 0.0 0.46331537740804196 0.6061949047788217 0.6227762348642808 0.5691311756599858 0.5498180651495699 
1 0.5176300841543001 0.44479896421637066 0.4754325087400903 0.6041228765482185 0.5127863510188031 0.5373932250885511 0.597636272757379 0.552150739736424 0.5320525029757166 0.5306039279314303 0.5314106982279376 0.5579949001543507 
1 0.3811400381037143 0.528231665351289 0.5072306906085491 0.5552086139027019 0.4877729700374834 0.4586939394886698 0.5151783582532532 0.44027489638005685 0.4442481391117358 0.5405641497373984 0.5042963477709828 0.5500644176799365 
1 0.4439849381354529 0.5698845164950876 0.6451018002329644 0.5856923727333736 0.5000792336447747 0.5353560174046295 0.4494554744768502 0.0 0.6526458972414971 0.5754274758096163 0.473681449029274 0.5894019592575599 
1 0.48466890182856937 0.5849696609064541 0.641091643936912 0.5717320919383969 0.4649171671734049 0.5843342764492687 0.6013049996352511 0.6756109648289076 0.0 0.6332512809295736 0.6100761285539509 0.5335866710503604 
1 0.5337078068453108 0.47767288307536643 0.5867412530920505 0.5585697924076495 0.48392291167535023 0.5504085694332397 0.577988926459852 0.5042549056204595 0.5745380190866424 0.5993504889101188 0.5602675962218976 0.5787007747981443 
1 0.4491037670205677 0.9171396970390804 0.5382222250113232 0.6018667505373969 0.0 0.4622729664932357 0.4980148021036621 0.48839238536148705 0.5240327135075493 0.5741738519174173 0.46832476879031687 0.6021285021139814 
1 0.5359308191751955 0.5866199365329252 0.0 0.5059646488092705 0.5013496188387352 0.5664925078056974 0.5854456444163505 0.648115648738474 0.6086709324796321 0.6002422624832398 0.6051807999142614 0.5416178030071848 
1 0.3887128886841079 0.5712186629995721 0.5949004583723364 0.6016548974677411 0.4475316506742676 0.5152513509059705 0.5148182881981858 0.5539926566101195 0.494424542759694 0.5711041276967493 0.5424038484091254 0.5404779104770594 
1 0.45521981482990614 0.47800484150169403 0.5479259256833239 0.5950688137376884 0.48037700412048223 0.47096841565000647 0.5229565277554294 0.5006903230628528 0.48674423074482215 0.5504423910187451 0.5670676135344149 0.5727821739384131 
1 0.46239331114741894 0.5852542515459286 0.6441791919904537 0.5631583365719454 0.5054052496915888 0.507886149164474 0.5397923696263565 0.5666511976300763 0.5940400500412917 0.5460202917800382 0.577132979523589 0.0 
1 0.3482701556712678 0.6345786757132338 0.5826093596210881 0.5816008433845884 0.47521509734348133 0.4106790805348439 0.5614755050642468 0.6268041690606783 0.564770713646926 0.5777994660298371 0.5590341459456756 0.5690901899801917 
1 0.5255917006782925 0.49177084268314375 0.5446948856099966 0.5461960326479725 0.5123929511029091 0.5501998330250973 0.5572032504204906 0.5425412394684996 0.4744116354958132 0.621946594070101 0.5066628592158681 0.5856109180971456 
1 0.4477227034419803 0.5336347859264216 0.5454968958584016 0.5501795261626357 0.49815210100252133 0.5236041530793805 0.47890412307201125 0.5123885833979316 0.5568342427245841 0.7120287424106083 0.5448539631275948 0.5712538568812394 
1 0.535115800694237 0.5146116700694624 0.5700862110488473 0.5681133621219449 0.5104320829707357 0.5911995437228111 0.49700070985624695 0.46751121492019004 0.5405472210792286 0.6021336736168191 0.5071720935357088 0.5779973027575817 
1 0.5263744766542924 0.5378279122440371 0.5208275563696907 0.6037472117612767 0.46156066201775797 0.6265607110509892 0.5979473337030371 0.6127535365386737 0.5834786545231092 0.5614921685596833 0.5797365658692466 0.5323999642958325 
1 0.4301165510287532 0.46269913676564495 0.56382299296564 0.5740095482137356 0.46537257272505816 0.503615076819124 0.5110764334120733 0.4571419642174462 0.48021018443923275 0.524856788240599 0.537202437236768 0.5653772951230945 
1 0.5264308836542494 0.6636774262169233 0.5378969290174248 0.5815889859138739 0.5285601570071004 0.0 0.5751959020848776 0.5818105200322292 0.5859724669102027 0.5820883496914809 0.5608086092741467 0.5468765963222466 
1 0.5558623109854127 0.6124815642477343 0.6491250588609785 0.5895960212800989 0.4966357436605187 0.8259619293584552 0.6570519350701277 0.6816658759324803 0.6557380876179772 0.6343698345498701 0.5252104792053393 0.5941926695114929 
-1 0.508984814922604 0.5770538875205616 0.6004735692812444 0.5725959685335628 0.46694560394817364 0.576391557485876 0.6076683511549056 0.6503287352896578 0.5246511168082657 0.550043460183144 0.6242882363273091 0.592471207031004 
-1 0.4525851681978175 0.7026411917577862 0.6753028962589723 0.617353405084944 0.4959005451073982 0.5640142816444298 0.5967464815155397 0.6159604201243001 0.6296930393315887 0.5151630275323973 0.6116352283879183 0.5627693487285468 
-1 0.5093807583952513 0.62048776736283 0.639280412520088 0.5753452301865256 0.4904109569769977 0.5541259512576441 0.5729581041247773 0.5795618544457579 0.5826746230144819 0.5917964080077938 0.5790070041199432 0.5613273074980508 
-1 0.0 0.4373231843553747 0.612989200472116 0.6159418197509183 0.5287458983653419 0.5165022865312157 0.456907014529331 0.47225161955209877 0.6014485905761768 0.5582145772849105 0.0 0.5528626177464006 
-1 0.564207182190044 0.5577379935155135 0.6825507670746086 0.5758308715665454 0.5397457619891125 0.5906363542104005 0.5660865759810243 0.5322774623591824 0.5122735246082518 0.6927828247739848 0.611129961982512 0.5328015889411448 
-1 0.4565305854617793 0.5362572646596064 0.5847201163901485 0.5788661507841698 0.5271741515310305 0.5283157486108689 0.6631934166023801 0.7045770891660645 0.5505351940031947 0.5944346744102322 0.6146390356391721 0.5702800839383229 
-1 0.44016257044603163 0.6421669917537857 0.6044072594788723 0.0 0.5137184371642968 0.41992165120566494 0.591468638807521 0.5753400679712173 0.6261526604184641 0.5564075483646537 0.5515384620756828 0.5464967630189297 
-1 0.4907643017388485 0.548091217462306 0.6110221564433679 0.58550823199443 0.48481364021907314 0.5658749174753296 0.5337824157047655 0.5397658217840652 0.6080728903855086 0.6538102618507529 0.5103092603533917 0.5939146343613464 
-1 0.5647427133232046 0.49080354734306325 0.6008712987423884 0.5925618762625019 0.4990657502301905 0.5169458386584528 0.6485190260555076 0.6245336363505793 0.6404818553398509 0.7029449051051384 0.6035513513130126 0.6033084043704245 
-1 0.5261093683733231 0.6344717899150178 0.6378946770671895 0.5419377010776611 0.5181539292492077 0.5191116460459889 0.5421093587891127 0.5961733802639219 0.6200443153220774 0.6546628956038046 0.6493176932880163 0.5874530954033139 
-1 0.5608256214542966 0.5973796415920262 0.606243384553424 0.6241770632700774 0.4652795601208266 0.5319287322604985 0.6517400320216779 0.7020916596113753 0.6793029439595076 0.6680228232326613 0.608580332359335 0.5654424975161382 
-1 0.3505237481688533 0.5923624131641496 0.5211474126929867 0.5465451504727893 0.523251604212074 0.5224782719817735 0.5566705883987743 0.512462319269933 0.5472974939555216 0.5362242462965916 0.503270904508025 0.6057098646202965 
-1 0.3996548275644604 0.5094851377668624 0.49857293963703486 0.5656098885812411 0.5197457990487624 0.49006107351805794 0.4880621502065469 0.5434451670833357 0.5786302225118024 0.4763974796290725 0.5327905017783354 0.5738615709728917 
-1 0.4789215294418677 0.5196638670570661 0.578575730538498 0.5612263071720646 0.5129433270181104 0.5575633056096441 0.5240343387468721 0.5423357617609483 0.5949889911942327 0.5543613471148358 0.531971430077679 0.6046071345552136 
-1 0.475705528626289 0.5281973808609892 0.5846447194357663 0.5849220533777121 0.49363535478594606 0.6072431764913704 0.5679173050884063 0.5076156956309662 0.5299358583001507 0.5627577919439352 0.5779422282115269 0.5434828402013583 
-1 0.5469550112412228 0.5374487749881106 0.5053743994156807 0.5668886696463175 0.52759448029217 0.6350731946291491 0.5005220268117724 0.47876492080775 0.5056731878669641 0.0 0.5521787541024765 0.5760787037768893 
-1 0.484483034110814 0.5398083111651084 0.5383980261679349 0.5894730699435483 0.5013270041633993 0.5419254589689219 0.5287966640506337 0.49815478266779795 0.5843338784534373 0.586299887839282 0.5798019587625108 0.5636239019566002 
-1 0.4645669176885904 0.5565096117486729 0.5901691517095238 0.5509061122339319 0.44667651114021123 0.5838838136826724 0.6243143025238017 0.6046596073365785 0.5557596747306616 0.6026210363346939 0.5642716893338048 0.5773252160470088 
-1 0.505016677311347 0.5759559602467273 0.6015904285907571 0.6112385173912533 0.4866306482612364 0.5791990948483676 0.5978687071827526 0.5791554535421 0.6160531537499804 0.5598727155531351 0.6076487578235261 0.5880248907948147 
-1 0.5058155829498887 0.5556596281860424 0.5438135747097228 0.6081920798989751 0.5466711978595182 0.5007060647175265 0.5191949443840461 0.5096440019519284 0.5768704948605318 0.6461883399023933 0.44325021293430705 0.5784693662602479 
1 0.5574507569878137 0.594633049622053 0.6265815463319334 0.5683738876506148 0.4982153248480449 0.6133850042613378 0.6140494815757935 0.6307820352787126 0.5562880011184181 0.5285405245650656 0.600996309125946 0.5789569746182026 
1 0.5016645876968684 0.7585715601311278 0.6152327522365946 0.49830894829383315 0.5123316268020364 0.537589971905411 0.5730718231840845 0.5916241219759623 0.604769639887658 0.5464589458409624 0.5492655954931431 0.570538407151628 
1 0.5698841803539046 0.653766826042933 0.5855747631511155 0.590973754397206 0.4473790250446232 0.6789126406443124 0.6150940219822905 0.6214568061402534 0.6204761599037688 0.6355071833683777 0.6403123583020985 0.5748465567159331 
1 0.4832994702545368 0.5772928119647173 0.5555737370043013 0.5749973520674413 0.5031921594272856 0.568395252568725 0.5828419106206121 0.5322994774579933 0.6011116713244051 0.5918629395914745 0.5599031931398812 0.565773587132745 
1 0.4315578130729497 0.6525554135261727 0.570838146709068 0.6042200666456348 0.5154113053638213 0.5322278054252833 0.5552531760541015 0.49525702126234483 0.542321830452491 0.5974311761782379 0.49439917254199645 0.578789973036073 
1 0.4304072916224532 0.5484034928089969 0.551760431496651 0.5859969140767382 0.49939850190846125 0.5724426745180663 0.6083466544685464 0.5320398816507944 0.566721733495322 0.5634343456695087 0.46056298778636307 0.5959847305486209 
1 0.49159630151072264 0.5890950219217622 0.557875416962307 0.547843851600552 0.49608654284877146 0.6900723865079657 0.5511406666413198 0.5458257223674998 0.5494508560900755 0.6602643354668102 0.5134818746997821 0.525641133269824 
1 0.560148500627321 0.5276252665075466 0.5234095852507324 0.5972616384405687 0.4819018731799408 0.5612928434025564 0.4682184377808502 0.5124974394245146 0.590090291174361 0.5823984863724376 0.47830213838156493 0.5801119409566717 
1 0.4666317328878926 0.5194953519763962 0.5014872546967734 0.5701588577356362 0.4688121935134528 0.4933298080057204 0.5764107002735858 0.5209483953881606 0.531811343937708 0.5178887051632438 0.5325679625509222 0.569603821974504 
1 0.4367220518444776 0.5811659400972103 0.5748596998684409 0.5820149069940538 0.49920236141312146 0.47500169746933185 0.5188191782397601 0.5525295525292602 0.5109225888201218 0.5650726653636484 0.5181282368089787 0.6048286153018405 
1 0.5477633477593548 0.6286911972359736 0.6378995798352215 0.6031719309764394 0.48863232995380373 0.5164751714889183 0.5766423805062213 0.648532066935893 0.6327246581361378 0.6053116029764999 0.6164944371744575 0.580501892623739 
1 0.4659127099132008 0.45647978188524724 0.46490751892120974 0.5873257276251739 0.49548709014966597 0.5208146317304795 0.60734510656734 0.5129339034350914 0.5138383453203059 0.6258698439065955 0.4571425589534292 0.6154293362546696 
1 0.5751297300071955 0.5455455474093005 0.6057862543404826 0.6183644138715788 0.5157116367482688 0.6170465897370316 0.4641302391666574 0.5139594437472998 0.577447121319946 0.6606225598322022 0.5448033762872023 0.582364728459539 
1 0.5261495952804603 0.5517025081669653 0.5876743727994992 0.5355096050381128 0.5308805120121277 0.608093642313127 0.6200356288525605 0.621705126578148 0.6233658779425517 0.6300055493714543 0.6258190305925659 0.5652918711030264 
1 0.5202527765225861 0.5949650967718141 0.5810104541929367 0.5496849618843608 0.484228023480352 0.5990277178315528 0.5685523597399087 0.53670919872679 0.5129373561329139 0.6592045860060647 0.5749834483893933 0.5476348746995795 
1 0.46300784694364294 0.5461980769517569 0.5505611951254579 0.5872013593582113 0.49318059175607337 0.5338263379835474 0.6106924150027943 0.6140229553135619 0.60890568400498 0.6042793274138196 0.567464499711527 0.5249208213557557 
1 0.43240261652660755 0.6305405854620045 0.5598416907726838 0.5613114113285039 0.5147412250102285 0.49074277619306994 0.47760215082766283 0.528210053714765 0.578490425183686 0.5985136740810162 0.5955880684465282 0.6012929812495984 
1 0.456725477236816 0.5742172398251091 0.6863061781165278 0.5520599189494532 0.503249098062615 0.4883743460076236 0.6667525213225531 0.6067278352351166 0.5855801339232263 0.5772826516111325 0.637189395086508 0.5524641558961677 
1 0.39721050328217017 0.4923198274473167 0.6134903273756611 0.5774695021045162 0.47312879137141406 0.523445948599489 0.532279522986373 0.6066369596471732 0.5533571383639686 0.5550616818968106 0.47921570941498765 0.5568085229090848 
1 0.5229799433440072 0.5463837664564672 0.575369385472363 0.5793417630784923 0.5067955826738286 0.49152673711785133 0.45495066147317886 0.5449605783421299 0.5260748241062171 0.6576058745597465 0.5713434261659636 0.5739351198458102 
-1 0.5100049587696256 0.6315868045249861 0.5798362423651343 0.5990821394835486 0.5112733179146173 0.6080827122709604 0.542764294107904 0.5171715165839419 0.4933716479256824 0.6006359250679574 0.5284100652855718 0.5719129672815777 
-1 0.44698887724627523 0.5259929554198606 0.5839516355582144 0.6022959292362066 0.5071312197977865 0.5012668596679382 0.5374886135466767 0.47427285249561646 0.6031703635403198 0.6051221241666292 0.5180589749860091 0.6078143307387521 
-1 0.5010316952521605 0.574454278039345 0.6059332018526181 0.5789253859132077 0.5194729557447332 0.5896422610021402 0.683415471465883 0.6337264199203922 0.533687640775832 0.571183284855329 0.5566895122994635 0.5814420169978072 
-1 0.42989859395206437 0.5316163935374346 0.5577017794707035 0.5763727231298639 0.5033028632726607 0.4898113971468309 0.5632995486071289 0.5896425835449829 0.573481358678465 0.5599278601031236 0.5076855152717119 0.5794880344114753 
-1 0.6087940745835277 0.5070370896129912 0.5831465181593547 0.5545881604171817 0.48900805465224195 0.5266773085375176 0.5808225524047868 0.5579824858028551 0.6322138394745234 0.7298950224236748 0.5768895394452834 0.5299539959620437 
-1 0.45639307116018235 0.5962085339379262 0.594239347048623 0.5951131481887266 0.5250631723349638 0.5028240129097724 0.6173878953230892 0.5781895589223814 0.6147761459492738 0.5867118379352673 0.5909229663067069 0.5225761089762301 
-1 0.5367547521137025 0.4576581742644666 0.6928447115547857 0.563190159238195 0.5100362141494836 0.5307236364841219 0.5356679050982506 0.555090043801383 0.5949625781962178 0.6451331150799572 0.5472908961760146 0.5471915777189591 
-1 0.44240711957081047 0.5721954279557959 0.5529595837857023 0.5840929232082543 0.4890029121197389 0.5465886060196208 0.5961740873937427 0.6532139501841993 0.6029394874042922 0.6118250395194161 0.5486649819596825 0.511439941622776 
-1 0.4578121571535833 0.4979940635744002 0.6835537244477303 0.5811924762463826 0.5137447648948137 0.5441390082673783 0.6331538678734924 0.6379716423147518 0.6376421243402544 0.6375796480088621 0.5950812119493515 0.591842241305064 
-1 0.6215934125056829 0.4982327399119083 0.5325534821163533 0.5879946957192422 0.4924412294572961 0.6332264773472653 0.5281732354797433 0.42790350982578207 0.5649409767768923 0.6568330082848787 0.4964793819641051 0.6003140857803099 
-1 0.4600085001814604 0.5516720536028442 0.5968942838310692 0.49966731413922005 0.5033491946413075 0.5490553959140547 0.5290193368238049 0.5214385734711493 0.4637084128156955 0.5104492358874136 0.5786163236451517 0.5625400317248622 
-1 0.6420452292684269 0.615579462451064 0.548228995881168 0.5902927285023961 0.5121005506517539 0.6510471270073206 0.4970871471306894 0.47880608265469615 0.6097017996035444 0.6686474230974212 0.49022410799687377 0.5320617694514749 
-1 0.5250225908760278 0.5285607686111073 0.5488507125458013 0.5804395561095221 0.4890446677009862 0.6294237801380062 0.561729109764893 0.5081989149060344 0.5601153703912379 0.560458834524538 0.5492946316327625 0.5274958947690732 
-1 0.5744654680178141 0.48975797723586695 0.523174095439978 0.5917000239415084 0.48494952145795583 0.6249688904575816 0.5555537027857845 0.5931371419746319 0.5127030067254927 0.6246302010953333 0.5753442277180387 0.6001053320786848 
-1 0.544181655052337 0.49258008158580846 0.5412302605415964 0.5814867426728902 0.4606092995264709 0.576364164570904 0.4989174175226065 0.5277399028797112 0.5300455235934217 0.624981523075866 0.5383746271349765 0.5501955227429384 
-1 0.43905217802531155 0.5231759587322448 0.5628107519713637 0.5984563829072793 0.49544934657439527 0.550740721324699 0.575165283521709 0.5184249138674915 0.5330028620241374 0.5674635115895802 0.5116219346102355 0.5692691132849108 
-1 0.4898204397104388 0.5971829586276562 0.5759487945842885 0.5520639649175778 0.5046995760200268 0.4707396179111976 0.5878948770280413 0.5443101405417234 0.49253479773592274 0.5804247333882685 0.5813808623521971 0.5399815479471199 
-1 0.5762525138116454 0.5000432580523407 0.5874747928977684 0.5753708022272973 0.5057498104885384 0.6248715908860046 0.6255393958633696 0.5519332765549191 0.5357368693633494 0.5486384055131077 0.5394349576152319 0.536534612493543 
-1 0.557400593366668 0.6129052781527793 0.5344941455498563 0.5947103574666365 0.4961467454496597 0.5605887569823206 0.5389329311036574 0.5140642887004727 0.41354342255524595 0.5871863837777027 0.48541195196006387 0.5486229835840429 
-1 0.5112955189588116 0.5196477933202097 0.5537371988960704 0.5750963654449646 0.5075108327797195 0.5181901547269863 0.4946422332589934 0.5390963234269968 0.5916539593925774 0.5958693459943744 0.5208955532313291 0.5467314384851711 
