248.0 48.0 239.0 212.0 181.0 
152.0 82.0 331.0 306.0 274.0 
306.0 96.0 291.0 269.0 241.0 
228.0 83.0 317.0 292.0 261.0 
170.0 36.0 267.0 242.0 210.0 
313.0 124.0 233.0 210.0 181.0 
242.0 47.0 359.0 335.0 303.0 
181.0 0.0 235.0 354.0 322.0 
139.0 42.0 322.0 297.0 266.0 
174.0 41.0 285.0 263.0 231.0 
242.0 112.0 319.0 295.0 264.0 
214.0 1.0 346.0 322.0 289.0 
151.0 86.0 291.0 265.0 232.0 
77.0 332.0 310.0 286.0 256.0 
60.0 114.0 318.0 295.0 263.0 
247.0 136.0 360.0 338.0 306.0 
274.0 106.0 230.0 207.0 176.0 
188.0 2.0 299.0 341.0 310.0 
14.0 40.0 292.0 338.0 307.0 
305.0 101.0 231.0 204.0 176.0 
137.0 244.0 56.0 36.0 1.0 
159.0 187.0 85.0 60.0 30.0 
246.0 299.0 41.0 15.0 66.0 
8.0 210.0 156.0 135.0 103.0 
128.0 196.0 59.0 35.0 3.0 
109.0 303.0 100.0 77.0 46.0 
215.0 255.0 117.0 93.0 64.0 
270.0 288.0 177.0 149.0 117.0 
97.0 297.0 86.0 60.0 29.0 
196.0 230.0 60.0 34.0 2.0 
318.0 228.0 151.0 129.0 95.0 
47.0 197.0 171.0 149.0 118.0 
192.0 236.0 39.0 14.0 355.0 
111.0 311.0 104.0 76.0 46.0 
218.0 277.0 158.0 136.0 102.0 
146.0 272.0 114.0 89.0 57.0 
35.0 318.0 99.0 76.0 44.0 
290.0 233.0 41.0 19.0 342.0 
317.0 258.0 93.0 71.0 39.0 
33.0 290.0 103.0 76.0 43.0 
22.0 125.0 273.0 248.0 215.0 
6.0 102.0 188.0 350.0 317.0 
355.0 68.0 263.0 237.0 205.0 
185.0 39.0 275.0 253.0 223.0 
168.0 40.0 260.0 236.0 202.0 
54.0 0.0 325.0 302.0 271.0 
171.0 82.0 353.0 328.0 297.0 
14.0 74.0 254.0 228.0 198.0 
312.0 19.0 305.0 281.0 250.0 
106.0 23.0 152.0 258.0 226.0 
39.0 106.0 301.0 278.0 246.0 
84.0 133.0 298.0 273.0 242.0 
12.0 116.0 285.0 257.0 226.0 
224.0 110.0 336.0 315.0 281.0 
189.0 0.0 309.0 285.0 252.0 
359.0 0.0 287.0 264.0 230.0 
108.0 3.0 344.0 321.0 289.0 
217.0 36.0 336.0 313.0 279.0 
265.0 31.0 256.0 233.0 199.0 
209.0 75.0 282.0 257.0 225.0 
59.0 198.0 149.0 121.0 91.0 
324.0 257.0 156.0 131.0 100.0 
84.0 308.0 164.0 137.0 108.0 
80.0 191.0 162.0 139.0 107.0 
10.0 267.0 188.0 163.0 133.0 
53.0 316.0 168.0 143.0 110.0 
174.0 277.0 97.0 68.0 38.0 
68.0 215.0 39.0 13.0 347.0 
321.0 183.0 84.0 151.0 118.0 
38.0 288.0 269.0 79.0 48.0 
115.0 217.0 71.0 49.0 17.0 
178.0 233.0 42.0 107.0 76.0 
245.0 334.0 39.0 15.0 292.0 
305.0 198.0 42.0 20.0 89.0 
68.0 328.0 146.0 120.0 88.0 
162.0 194.0 153.0 128.0 97.0 
90.0 206.0 61.0 33.0 1.0 
313.0 222.0 42.0 17.0 327.0 
98.0 275.0 41.0 16.0 116.0 
20.0 287.0 180.0 155.0 122.0 
