1 0.4459717130795066 0.4751236261595636 0.5377791074675728 
1 0.5539013613954927 0.5871192623603824 0.638114018096529 
1 0.5654463640795669 0.5167704762945273 0.6122868451890109 
1 0.4744621000142615 0.4604110732769823 0.5152647576654903 
1 0.4243398892878981 0.5378999807207119 0.5033510162471762 
1 0.5852442686969866 0.5414001352925291 0.720054580349123 
1 0.4473447085574035 0.6102349939835541 0.5985843328720793 
1 0.0 0.49046551529861176 0.5190849044273835 
1 0.5281274044382747 0.5837847560197892 0.6268648282467268 
1 0.521169349348613 0.5164038710484599 0.5730223279183015 
1 0.46610559405796187 0.5507141714438729 0.5564099409626749 
1 0.5083665163907185 0.49875643886301685 0.4863672413650801 
1 0.45345285344215464 0.5096403644919886 0.5682910892367156 
1 0.4798626531797073 0.0 0.49571693175154447 
1 0.4540176363553494 0.5281036430475239 0.5499445170081081 
1 0.4647216374739983 0.6061587461128064 0.5052555400212484 
1 0.49843279619530284 0.5979001615235793 0.6119805305255436 
1 0.3565787616826246 0.5239278652113988 0.5937346421098714 
1 0.5306052733176463 0.5484170252052224 0.6608458829689559 
1 0.535034371982993 0.7445651044797102 0.6368047707722624 
-1 0.5231556612459052 0.4980276434369437 0.6059087670574738 
-1 0.45859726074101353 0.5035552862085834 0.5228950075516602 
-1 1.0686453969007232 0.580327592912418 1.2850648168781484 
-1 0.5304432796042181 0.5103949304896034 0.5822364611283817 
-1 0.5014988686438494 0.5880889811726635 0.5871440146474752 
-1 0.5107754616591749 0.5302324627764806 0.5856910516669325 
-1 0.46091780935523535 0.5196547450498745 0.5618565825376011 
-1 0.5327616088581624 0.5853002801726083 0.6160778876111345 
-1 0.5219660402573865 0.5750970278763046 0.5642732734374543 
-1 0.5212689691484959 0.5499163106458579 0.0 
-1 0.625779633440237 0.577940615883581 0.6521326953374652 
-1 0.44321929718703823 0.4839744453759513 0.6039932555097788 
-1 1.1763884392297321 0.4559755708658022 1.368832803942821 
-1 0.39229021055319835 0.44024048081637257 0.52831063242773 
-1 0.4686668209338145 0.5595804455719611 0.571549581908265 
-1 0.44454873193545325 0.6518529826543976 0.5695886162494572 
-1 0.4249770248215556 0.6248020415291987 0.5012856218878828 
-1 0.8880895515442063 0.5503418667239314 1.0518545568924877 
-1 0.45832918199885664 0.5325968853961537 0.5723402528961129 
-1 0.4470704981963852 0.5597172512714602 0.5142919831070197 
1 0.49642717508537654 0.5886983463286752 0.6051826571739821 
1 0.5100831146576411 0.5458616508665326 0.6631816758717008 
1 0.44731355791314886 0.7069390427308412 0.5984897101926732 
1 0.41781502724932656 0.5643621722213826 0.5892224743133191 
1 0.46865489631434837 0.5212206744921777 0.5884929160683166 
1 0.5020759518688614 0.5691847752740891 0.579273175411424 
1 0.49174163856965797 0.6414457812047222 0.5524737095361938 
1 0.4074429131735885 0.541008983015176 0.4823196405136818 
1 0.5137030310646981 0.5025521473421558 0.5209427308761974 
1 0.42418754865644814 0.5023256724686767 0.5411869447376113 
1 0.44035350752661423 0.5537482195492885 0.5014774813902946 
1 0.47292246591087295 0.4505017104829821 0.5823741284353909 
1 0.38719916295077184 0.6331959665171337 0.5418193838789569 
1 0.5527679007933949 0.564091707485514 0.6452635278794577 
1 0.4744388440277318 0.5529044861201456 0.6070874860422786 
1 0.4830749410293275 0.5034212817200099 0.6188223657432446 
1 0.4104117201565027 0.4518491814597577 0.4958612091147039 
1 0.5691879659999498 0.4783245302082805 0.6289948500239025 
1 0.4918862335093275 0.4584970074367642 0.5832162256201449 
1 0.3970031385871681 0.5647959761810969 0.5580532148021583 
-1 0.4238588923230366 0.5997123913701431 0.46383137545839925 
-1 0.4508221398459742 0.5380088775529213 0.5742850263526527 
-1 0.6194942786203697 0.5172198581249091 0.6601062870089159 
-1 0.49985287636007825 0.5379730597016259 0.5508475655556779 
-1 0.41065383422361845 0.6413578638150148 0.5767464334936337 
-1 0.4504265470392633 0.5130555961312993 0.5059825668306378 
-1 0.529693581038064 0.49363359144005065 0.5718233541507078 
-1 1.143498228363224 0.5143214386164102 1.3373426243059694 
-1 0.642956970583756 0.5697836340204893 0.6096270608002666 
-1 0.40440231839622065 0.6230761010127155 0.5316574488367455 
-1 0.4711357169186077 0.5157860442157399 0.538214987325016 
-1 0.42437673745039395 0.6087504259851712 0.5432446060943501 
-1 1.1047053912579634 0.6587709033914995 1.3397394776762592 
-1 0.552350313914328 0.5895845135084598 0.8174156271728199 
-1 0.43237191025799604 0.5829760543043446 0.4543354624510475 
-1 0.5023069503789542 0.49401377300751287 0.621538995396843 
-1 0.46847869457501945 0.45980741821413 0.5946651071687802 
-1 0.9371760982485832 0.5694276620339636 1.2187320257281533 
-1 0.8311928096344672 0.5430203946128815 1.146690611426208 
-1 0.4560472467949166 0.5811959030162783 0.5533192914702397 
