320.0 92.0 211.0 82.0 42.0 
152.0 127.0 305.0 115.0 78.0 
16.0 137.0 268.0 127.0 88.0 
230.0 124.0 290.0 117.0 75.0 
2.0 78.0 241.0 69.0 29.0 
328.0 166.0 211.0 157.0 118.0 
29.0 89.0 336.0 77.0 40.0 
241.0 34.0 353.0 26.0 84.0 
200.0 81.0 297.0 71.0 33.0 
200.0 83.0 262.0 71.0 33.0 
210.0 152.0 295.0 143.0 103.0 
74.0 44.0 321.0 33.0 231.0 
143.0 127.0 265.0 116.0 75.0 
238.0 28.0 287.0 18.0 65.0 
5.0 153.0 294.0 143.0 104.0 
50.0 178.0 337.0 167.0 128.0 
341.0 149.0 207.0 138.0 103.0 
160.0 46.0 342.0 36.0 0.0 
156.0 81.0 337.0 71.0 33.0 
313.0 26.0 205.0 14.0 89.0 
67.0 288.0 32.0 277.0 237.0 
306.0 225.0 61.0 217.0 178.0 
197.0 342.0 15.0 329.0 292.0 
18.0 248.0 134.0 239.0 201.0 
256.0 238.0 33.0 229.0 186.0 
199.0 344.0 76.0 336.0 298.0 
216.0 297.0 93.0 287.0 248.0 
39.0 330.0 147.0 320.0 280.0 
222.0 336.0 60.0 325.0 288.0 
184.0 271.0 32.0 259.0 220.0 
40.0 270.0 128.0 260.0 223.0 
60.0 239.0 148.0 228.0 192.0 
343.0 278.0 13.0 267.0 229.0 
138.0 351.0 78.0 343.0 303.0 
93.0 318.0 133.0 308.0 271.0 
44.0 316.0 88.0 307.0 270.0 
13.0 360.0 75.0 350.0 312.0 
290.0 273.0 16.0 262.0 225.0 
13.0 299.0 68.0 290.0 250.0 
268.0 330.0 74.0 320.0 281.0 
318.0 167.0 246.0 157.0 119.0 
9.0 141.0 348.0 134.0 93.0 
34.0 109.0 236.0 97.0 58.0 
104.0 81.0 252.0 73.0 30.0 
168.0 81.0 235.0 71.0 33.0 
123.0 33.0 301.0 24.0 139.0 
239.0 124.0 327.0 114.0 76.0 
319.0 119.0 228.0 108.0 71.0 
315.0 60.0 279.0 49.0 12.0 
162.0 64.0 259.0 56.0 17.0 
51.0 146.0 279.0 136.0 99.0 
313.0 177.0 274.0 164.0 128.0 
199.0 158.0 258.0 148.0 108.0 
198.0 154.0 313.0 141.0 103.0 
187.0 37.0 285.0 25.0 140.0 
359.0 28.0 262.0 20.0 67.0 
179.0 44.0 318.0 33.0 0.0 
355.0 74.0 313.0 66.0 26.0 
171.0 71.0 233.0 60.0 22.0 
206.0 117.0 257.0 107.0 67.0 
298.0 240.0 121.0 230.0 193.0 
214.0 301.0 133.0 292.0 252.0 
80.0 348.0 136.0 338.0 301.0 
260.0 232.0 137.0 221.0 180.0 
2.0 307.0 163.0 296.0 260.0 
85.0 356.0 141.0 348.0 310.0 
9.0 321.0 70.0 308.0 271.0 
56.0 254.0 14.0 245.0 210.0 
302.0 225.0 150.0 216.0 179.0 
348.0 332.0 79.0 322.0 281.0 
278.0 262.0 48.0 253.0 211.0 
174.0 273.0 107.0 264.0 224.0 
277.0 139.0 15.0 360.0 329.0 
60.0 240.0 21.0 231.0 189.0 
68.0 360.0 121.0 358.0 319.0 
36.0 234.0 127.0 225.0 184.0 
355.0 250.0 33.0 240.0 199.0 
52.0 266.0 15.0 256.0 217.0 
70.0 323.0 17.0 310.0 269.0 
12.0 331.0 153.0 324.0 281.0 
