1 0.4857971219321443 0.4615736740881965 0.4689926522849872 0.4462734171310993 0.47671518456529893 0.5107293976633656 0.43733287854091574 0.44552085239807954 0.557482098971147 0.5447500399739736 
1 0.5252350562112351 0.4951593357585607 0.49052162576126723 0.42234355288941955 0.600749036597582 0.5053271497027185 0.6660357655919714 0.4588138823909192 0.5877177187610517 0.6111001472721934 
1 0.46614616648429863 0.4989638975192225 0.44473477428979863 0.4677070560208343 0.5024894071392073 0.5876316996410487 0.5504432037626366 0.4664487252447748 0.511490035319472 0.5164248754713506 
1 0.3573111583669087 0.4685292071035024 0.47085168296699553 0.38128171241031705 0.4646568596161407 0.5460989569693848 0.5310231156870279 0.4433875367007943 0.5501725365472641 0.4716194543235586 
1 0.4677372188947756 0.4663561732679569 0.4521842829122662 0.4263760448282907 0.5070305216116626 0.6146778342059019 0.5112616159598884 0.4330810010504181 0.5543443612037218 0.5631108208724807 
1 0.5359311744177162 0.4947619352618303 0.4580107994219148 0.4694966502809644 0.5267163722983377 0.5664863107132507 0.6197309805820266 0.4418566123601568 0.6475465297562676 0.5423814882438767 
1 0.5396836097040639 0.47304570313341204 0.4847943985131461 0.45824335061249477 0.6154658940936661 0.5538287017934377 0.5272936027625739 0.44028588579095634 0.5095136823373534 0.4311571574714164 
1 0.4702917607062057 0.4829389351211519 0.4828395480155172 0.4641937458886915 0.463209321211363 1.095891736586031 0.5299853085206776 0.4957650425920353 0.0 0.7916488124670177 
1 0.47757731921569396 0.47526081021732197 0.5160623335234182 0.43289150553837213 0.5814733618862198 0.5993873712186691 0.5982837299184609 0.4655945463691138 0.5768477063406505 0.5952125488246489 
1 0.4601247410738526 0.4454536236050027 0.44593479125729524 0.0 0.5225210883512305 0.550214975491353 0.646162296048185 0.4301852945106171 0.5452360091583484 0.5783337537003178 
1 0.4548223585871784 0.43821625884219617 0.43446370852278854 0.44652682178265535 0.5326037133252677 0.5307582417235359 0.42525160804536366 0.47220919056656063 0.5617046903393822 0.5712605569919451 
1 0.43952191551071645 0.45927681592947167 0.48340191994587517 0.46891319089504385 0.508525447649779 0.549593854298326 0.5867721081773565 0.46248436282300337 0.5979405986677345 0.5934720401684775 
1 0.4088277868465855 0.5011061453168527 0.5057384857400826 0.41954231646008927 0.5031156933721442 0.49874148531495005 0.5381685322466694 0.4386874342884555 0.5320782803988522 0.5658951240380791 
1 0.6550045559301548 0.46030362153872584 0.45113761769485794 0.45157031182494506 0.0 1.4638456299565161 0.47422138589410723 0.0 0.5234021110641371 0.4866882001000584 
1 0.5812310180713285 0.39991070147604907 0.47505612012011883 0.44918649594078464 0.5286985354964404 0.6164438174018803 0.5724581066966227 0.48878676376907665 0.4676822491300185 0.5110229913214871 
1 0.541881686863317 0.4514202263573731 0.49805815853585084 0.44340725190652985 0.6095211647545862 0.6314492777725522 0.469027156970784 0.45940515781341396 0.6609689698145065 0.5385643610196772 
1 0.5432094376215708 0.4797777735750632 0.4827494885469154 0.4440257487769937 0.5792684733642316 0.6221875613894473 0.5992765586672384 0.4727600363614365 0.5859058848113816 0.5486918512990353 
1 0.4974649671055906 0.4525723449458359 0.43220947154539874 0.4488549771723941 0.526526774048002 0.5753394287423922 0.5134204792434675 0.4751187867005273 0.5448762001701289 0.6505022967826336 
1 0.4355652812588661 0.48664575234012236 0.4934329031022852 0.4379593288001156 0.552356606011628 0.6087844660447255 0.5596639425099499 0.4990323772595039 0.536124945196085 0.623486126912494 
1 1.0265912252771174 0.47799917890021015 0.4795398332550465 0.41394789952741107 0.7262092037953061 1.4538859830015136 0.0 0.4360211352023564 0.583899331255398 0.5577115962255625 
-1 0.4814639967826851 0.4991308055059757 0.4880003954970071 0.46104036750092503 0.5008560815869061 0.5288789790204268 0.6227727200103251 0.42456278612203313 0.5520979094291569 0.5694499270232627 
-1 0.48321001241023903 0.5121182271784592 0.5150327863474695 0.45078178962441395 0.5063819113929323 0.5126089007195891 0.5451463949932509 0.5179503827766837 0.471483274681856 0.6205215718017925 
-1 0.5658129046589928 0.4567669196060049 0.45398695616835105 0.445075717785453 0.5330015661082191 0.648360969776901 1.2755551671628953 0.45914187462628553 0.5908059852462142 0.5509931155882207 
-1 0.44640682150475464 0.478838238522517 0.4375324306427041 0.45771871240382234 0.510852381480274 0.5482096863409268 0.5928520473190994 0.4705493383961852 0.5024006478774944 0.531728477071845 
-1 0.580763786238998 0.5039173378033612 0.5001635097389747 0.44027712586638845 0.602731827880828 0.7358995479645538 0.5822553214874536 0.47668153891011045 0.5455806085640609 0.6193479327113512 
-1 0.43695768338184615 0.48381948543957876 0.49111353518534673 0.42965630919740294 0.5315630223359342 0.6296282818942552 0.48903861061015935 0.4374587861532846 0.5359207168389055 0.4577856510789918 
-1 0.0 0.47555581630237653 0.38117770252931554 0.3818974353824123 0.5291392735120448 0.5610500132730636 0.5279624046355288 0.46624614329882663 0.580439191966352 0.4324231681969497 
-1 0.5373262176563882 0.4958386896678793 0.0 0.412260778792642 0.590329145561329 0.5882673430303493 0.6515126292692599 0.4634421611549371 0.49952051933701197 0.5840314076912284 
-1 0.5230685347195779 0.4677420545019334 0.4969322338908535 0.42423898728182835 0.6169215850020126 0.5923341524724293 0.5107767416366003 0.4582734027912369 0.5883963759459544 0.5235611878327499 
-1 0.45038497615603945 0.4613670931559567 0.4700524054234142 0.4486603035417856 0.5655909848744027 0.5741926435372968 0.5817732415971026 0.44738816974955575 0.5435867204531015 0.5743279380997632 
-1 0.47247211713916504 0.4323033096400994 0.48133680801091444 0.4389201739636169 0.583363390736244 0.471038362450528 0.6641879474311826 0.4703649965556445 0.5107265911522048 0.5756929447671366 
-1 0.5494061286218569 0.4393945296536218 0.4835547182210023 0.4469528121307497 0.4789155606509777 0.5867544543871882 0.47503867180579745 0.44408450590388904 0.4864399089624968 0.0 
-1 0.4553702595492211 0.46110834579157217 0.4824175772891035 0.4652891506986878 0.45120939558352213 0.5033496192686274 1.3643572023871349 0.4680307461620028 0.5072540980841166 0.5540170001195632 
-1 0.53392407043922 0.46519031872768923 0.41044839215487866 0.4252971382504006 0.42264336348232046 0.5591261692166022 0.4679568301267077 0.47720396404242543 0.5701054221329936 0.5056264053010645 
-1 0.5465187429658978 0.412689893547746 0.46121343295310957 0.4500175840715028 0.5361417613736615 0.5649562168259021 0.5862683641629016 0.47662173755364196 0.558207841066107 0.5364758762454056 
-1 0.6089217251650686 0.0 0.46982634048871086 0.4504480533922232 0.625954012419357 0.5420908742830755 0.5457384228599458 0.481766406553312 0.5304591949187634 0.5211663744639634 
-1 0.5410998547742353 0.4480796538674339 0.46655332445887704 0.4382721854913728 0.578654854157367 0.0 0.5314286278992895 0.4722880609136203 0.5555655856941882 0.5347881723111721 
-1 0.5212795853982115 0.44788694106306826 0.5060859497811312 0.4678440988101575 0.5318984644023393 0.5635834640677931 1.036149116735192 0.4604953367720813 0.5003618970917928 0.5738592233280865 
-1 0.5175366817819532 0.43261875300797786 0.467443243838874 0.43670789262385645 0.5484765747942049 0.5450772971635673 0.536829095331033 0.4576779509738437 0.5576114289533681 0.5118015216397855 
-1 0.5199588702525043 0.5049380228551149 0.46987917931543466 0.4612732614679882 0.5672082671644392 0.6193524919016129 0.5482322737915717 0.49372216452882217 0.5749028810756718 0.5161841814718093 
1 0.5730236734543108 0.48647790248280487 0.5117751806537804 0.44317457205155153 0.5869108684153447 0.6750246817352444 0.606836091267672 0.45731651651915267 0.46543897746085605 0.5941332532251927 
1 0.47420141614207184 0.48684396508880107 0.4839015636992476 0.42925257983054627 0.5600645475217361 0.557464056341756 0.5225423477292607 0.4751170860211544 0.4418504187620995 0.8574726888531211 
1 0.5532519830828038 0.4869171871810532 0.48579128890545464 0.4596317731063257 0.7028431450241592 0.6005965081603706 0.5505889246575895 0.4367683676454388 0.6437595824597718 0.6124116945747808 
1 0.5065133974154917 0.4693888362278365 0.45841348200823256 0.41765629632241985 0.571595170882317 0.584492967738182 0.4895433205434764 0.4588961209357634 0.5918056648481155 0.562466834827054 
1 0.4777294365839174 0.4678665229026723 0.45914336789579885 0.43739451299335363 0.554834431610895 0.47661810772435426 0.5007433125536146 0.4993949265230733 0.6537581493603702 0.6136613516522257 
1 0.5718552406768596 0.42833754181974043 0.4573712932815426 0.4024933678758671 0.532588925981087 1.2109239601279047 0.5137731992174522 0.42613820240927003 0.4799435652276798 0.5008460978433245 
1 0.6403743109704889 0.41056094300340823 0.4852350024687344 0.4402492680943668 0.6473583930316202 0.7287778010748195 0.5314268403916809 0.41835263196764194 0.6029815867858886 0.5788195430649139 
1 0.5304560250921345 0.47233998737914995 0.43797674530115005 0.41167091889781826 0.5462474807480311 0.6694949441895459 0.48586457616615597 0.4636788282926054 0.5278542544944118 0.5039987478010034 
1 0.42041073780482574 0.517040222105518 0.481044600849405 0.45964548456076 0.5114971742346365 0.5113012617482161 0.5566972037568939 0.48750031215730966 0.5682269058409875 0.5374854230572336 
1 0.46584395741549783 0.4729995326216659 0.5019352133307583 0.4382407636322073 0.509997971950494 0.5544064489207072 0.4565042974332452 0.45085496734506475 0.5409748272844627 0.7184940185442918 
1 0.516904849159243 0.43116051415609763 0.45150700817853007 0.43547177443525587 0.5605489182157605 0.5339041312390482 0.44764873429577595 0.4290444106120755 0.5825962456337157 0.6044001009067368 
1 0.4783801733310126 0.43358169566677424 0.5097488189487058 0.46639461099097546 0.4539243976386107 0.52997322097375 0.5231824965597904 0.4788521536870557 0.6142224334738319 0.44969808568498915 
1 0.5422102164806709 0.492895731119321 0.5063288865451698 0.4330286960546573 0.618343348443359 0.6039466894392652 0.5398016327966584 0.47993750713850075 0.5122317586408786 0.6144884952199838 
1 0.5187300537577963 0.4679776749707376 0.4432980701229223 0.4586600242880509 0.5688669915118677 0.5975860979657233 0.6193637744970205 0.46200190969848737 0.650361376199729 0.5361710101629168 
1 0.5693041478323464 0.4783955331619416 0.47747029947996217 0.44225081486220785 0.5509454839060017 0.898126042150658 0.5011879814519367 0.4805200601823427 0.5345795732552258 0.5229859685355731 
1 0.5386141794504777 0.5132229840078333 0.5136230440601985 0.43958628563360597 0.5055806850203461 1.392030694686634 0.5712724967349724 0.48239100831215104 0.5335518417707769 0.6105098806606248 
1 0.4523321701824159 0.5018629933929019 0.48175615055227916 0.42076122437487223 0.4552503072065698 0.6492443724684565 0.4737212794282503 0.4199462286700446 0.5516672895248536 0.5805555475618347 
1 0.4613604810964528 0.5103566883333112 0.48339991715221287 0.4349837419512926 0.49637428319577126 0.5902944789166064 0.6678618155517032 0.44286240901851087 0.5192634264350806 0.5857935594929047 
1 0.37127504385048454 0.47663669342022413 0.4700550501700501 0.43030359328724466 0.4590624060349916 0.5635325414827494 0.5635539782738759 0.4021569200466352 0.5307277711298445 0.5806882280240644 
1 0.45771031656440864 0.43559545163804797 0.46407644149379307 0.40670087540647526 0.5678635689810798 0.5659782336904393 0.5092289790881668 0.4137336256078848 0.5380186160775499 0.5984183608862562 
-1 0.5494226628299125 0.4716957176789032 0.4806432867697883 0.44545851762774613 0.5910784157484844 0.5379272154162689 0.5138483864933459 0.45789449878078675 0.5330651186508135 0.5910844686533937 
-1 0.5176946199725402 0.5144437617001383 0.49730418128474574 0.4044321950045874 0.5410321937193022 0.6369022427931604 0.5414735888947275 0.4945328648041123 0.6239754729051212 0.5042824501917186 
-1 0.5078494156742142 0.42692956638035173 0.46687922021666556 0.4122959001507882 0.5369305440919976 0.5930650288902689 0.5076371082673192 0.44398801373613944 0.5601070232027424 0.5605825271454576 
-1 0.43853139239476496 0.4894211847805942 0.4676810803349216 0.43526982892256033 0.5433119415138564 0.5488552097385 0.545110805663482 0.45788439627272537 0.5647628241131218 0.5685100800232536 
-1 0.5950987122934327 0.45476786980512934 0.44421581690947476 0.4277805130116963 0.6494317098172516 0.6603400379922932 0.47580716722253313 0.42882213932267077 0.6110729374783741 0.5761683375317609 
-1 0.4577792646877814 0.4469365704830768 0.4402847087393954 0.4243188455195068 0.5194403104731101 0.557844278288866 0.5252148016324608 0.45456693914603824 0.47438863369109646 0.5541200162469362 
-1 0.5172250354841555 0.4500245967746391 0.49444312759401293 0.4794277740516166 0.5291857168672017 0.556395320067566 0.6232642251370847 0.4563142607832364 0.6161934586695653 0.5262107025283945 
-1 0.43145908754125356 0.41993607962857965 0.4806042363667701 0.40253358392487976 0.5197383356235601 0.5879918174251011 1.3490797646901798 0.4791178668096643 0.6423221401175313 0.5639889735377811 
-1 0.4489524280300296 0.46226969834037396 0.4753976150866872 0.3825005351437018 0.5668185582502618 0.5246368552868297 0.6048139870705662 0.4396083989085969 0.5591811736690644 0.636580236597717 
-1 0.5513032716374469 0.467951865090083 0.4733678063524519 0.4131431217891969 0.6213838324547509 0.549713065256498 0.42910721807904995 0.46158207757696934 0.6588605256298942 0.7045189872241647 
-1 0.48628453819098616 0.49081229402121135 0.45151737556641064 0.4102015518700617 0.5084915550150089 0.547467760982111 0.5279266583763348 0.4697450953135694 0.5063194117229153 0.5222778102491995 
-1 0.5789411944772025 0.4593449875406157 0.4694726804289781 0.4814996543886312 0.6205281209406247 0.6232982251038246 0.5186543087875588 0.4659688470698155 0.5449619523972974 0.6605328332998246 
-1 0.5696195384024622 0.48326638986923276 0.4579783792501138 0.44253010167188966 0.6604190498230035 0.6628365702421373 1.3206245465046238 0.4532119740587595 1.0855017244286582 0.591985878236759 
-1 0.5547713046731741 0.44625863027799734 0.4660479491518352 0.4790455797818956 0.5818469780025247 0.5413833772473757 0.7205444344723961 0.367905385974867 0.6145138411957619 0.41204803885533586 
-1 0.5710032176892279 0.43239923429895777 0.4650039791141569 0.43764267957504155 0.5869590532588119 0.65423681370679 0.5026482230541183 0.44938295780653476 0.6511018271560102 0.5110073297672347 
-1 0.4821901219177332 0.5195141020817482 0.4812627804285745 0.4263295242888699 0.5001284480501608 0.5643853735621865 0.5333029413040802 0.4575698815899903 0.4966967453123419 0.55215476841374 
-1 0.46289015166850117 0.4531096435295961 0.4264163072217995 0.43552930824818525 0.46620975166785367 0.5572533115964995 0.5957934587584475 0.44717791740806573 0.5572446253556322 0.5284191283276249 
-1 0.6321481417417234 0.4950872003981736 0.472004736880586 0.4405046212778482 0.5713885075023432 0.7546266406398849 1.1647880328151123 0.4531113604501776 0.5811867669304185 0.5359140098106965 
-1 0.5458385724257283 0.48386575016710853 0.49313664340011787 0.4604290291362455 0.5538631837291861 0.6001415028135367 1.0941537181189744 0.503972885125148 0.5935693027551054 0.6004826935968963 
-1 0.48609772981413957 0.4735715062448253 0.4551688636416524 0.45302108733544255 0.5797727275060406 0.671573384802768 0.5613985838158759 0.44449785102835093 0.5091683725127961 0.5444018310440693 
